1	Q0050	0	6
2	Q0080	0	2
3	Q0085	0	33
4	Q0130	0	55
5	Q0250	0	29
6	Q0275	0	32
7	R0020C	0	0
8	R0030W	0	0
9	YAL001C	1	6
10	YAL002W	0	67
11	YAL003W	1	91
12	YAL004W	0	0
13	YAL005C	0	81
14	YAL007C	0	51
15	YAL009W	0	12
16	YAL010C	0	18
17	YAL011W	0	7
18	YAL012W	1	86
19	YAL013W	0	5
20	YAL014C	0	7
21	YAL015C	0	38
22	YAL016W	0	96
23	YAL017W	0	16
24	YAL018C	0	4
25	YAL019W	0	69
26	YAL021C	0	67
27	YAL022C	0	80
28	YAL023C	0	54
29	YAL024C	0	28
30	YAL025C	1	90
31	YAL026C	0	93
32	YAL027W	0	2
33	YAL028W	0	2
34	YAL029C	0	16
35	YAL030W	0	36
36	YAL031C	0	4
37	YAL032C	1	85
38	YAL033W	1	39
39	YAL034C	0	9
40	YAL034W-A	1	14
41	YAL035W	1	92
42	YAL036C	0	94
43	YAL038W	1	87
44	YAL040C	0	11
45	YAL041W	1	37
46	YAL042W	0	93
47	YAL043C	1	36
48	YAL045C	0	0
49	YAL047C	0	3
50	YAL048C	0	86
51	YAL049C	0	45
52	YAL051W	0	3
53	YAL053W	0	13
54	YAL054C	0	17
55	YAL055W	0	3
56	YAL056W	0	0
57	YAL058W	0	88
58	YAL059W	0	4
59	YAL060W	0	6
60	YAL061W	0	6
61	YAL062W	0	60
62	YAL063C-A	0	0
63	YAL064W	0	0
64	YAL064W-B	0	0
65	YAL066W	0	0
66	YAL067C	0	11
67	YAL069W	0	0
68	YAR002C-A	0	26
69	YAR002W	0	6
70	YAR003W	0	78
71	YAR007C	1	94
72	YAR008W	1	47
73	YAR014C	0	12
74	YAR018C	0	65
75	YAR019C	1	25
76	YAR023C	0	1
77	YAR027W	0	0
78	YAR028W	0	0
79	YAR030C	0	0
80	YAR031W	0	0
81	YAR033W	0	0
82	YAR035W	0	73
83	YAR042W	0	59
84	YAR047C	0	0
85	YAR064W	0	0
86	YAR066W	0	0
87	YAR068W	0	0
88	YAR069C	0	0
89	YAR071W	0	20
90	YAR073W	0	0
91	YBL001C	0	16
92	YBL002W	0	40
93	YBL003C	1	83
94	YBL004W	1	80
95	YBL005W	0	0
96	YBL005W-B	0	0
97	YBL006C	0	2
98	YBL007C	0	28
99	YBL008W	0	53
100	YBL009W	0	12
101	YBL010C	0	3
102	YBL013W	0	61
103	YBL014C	1	5
104	YBL015W	0	43
105	YBL016W	0	75
106	YBL017C	0	34
107	YBL018C	1	3
108	YBL019W	0	66
109	YBL020W	1	82
110	YBL021C	0	77
111	YBL022C	0	90
112	YBL023C	1	96
113	YBL024W	0	92
114	YBL025W	0	3
115	YBL026W	1	77
116	YBL027W	0	94
117	YBL029W	0	2
118	YBL030C	1	52
119	YBL031W	0	2
120	YBL032W	0	23
121	YBL033C	0	26
122	YBL034C	1	12
123	YBL035C	1	79
124	YBL036C	0	94
125	YBL037W	0	90
126	YBL038W	0	33
127	YBL039C	0	71
128	YBL040C	1	95
129	YBL041W	1	94
130	YBL042C	0	2
131	YBL043W	0	8
132	YBL044W	0	0
133	YBL045C	0	4
134	YBL046W	0	12
135	YBL047C	0	72
136	YBL049W	0	84
137	YBL050W	1	95
138	YBL051C	0	20
139	YBL052C	0	21
140	YBL053W	0	0
141	YBL054W	0	0
142	YBL056W	0	39
143	YBL058W	0	81
144	YBL059W	0	1
145	YBL061C	0	26
146	YBL063W	0	89
147	YBL064C	0	81
148	YBL065W	0	0
149	YBL066C	0	9
150	YBL067C	0	35
151	YBL068W	0	59
152	YBL071C	0	0
153	YBL072C	0	97
154	YBL074C	1	44
155	YBL075C	0	15
156	YBL076C	1	96
157	YBL078C	0	93
158	YBL079W	0	72
159	YBL080C	0	73
160	YBL081W	0	1
161	YBL082C	0	78
162	YBL084C	1	74
163	YBL085W	0	16
164	YBL086C	0	11
165	YBL088C	0	16
166	YBL089W	0	20
167	YBL090W	0	2
168	YBL091C	0	96
169	YBL092W	1	92
170	YBL093C	0	3
171	YBL094C	0	0
172	YBL095W	0	12
173	YBL097W	1	77
174	YBL098W	0	80
175	YBL099W	0	91
176	YBL100C	0	0
177	YBL100W-A	0	0
178	YBL101C	0	3
179	YBL102W	1	72
180	YBL103C	0	23
181	YBL104C	0	62
182	YBL105C	1	74
183	YBL106C	0	45
184	YBL107C	0	12
185	YBL108W	0	0
186	YBL112C	0	0
187	YBL113C	0	0
188	YBR001C	0	37
189	YBR003W	0	91
190	YBR004C	1	70
191	YBR006W	0	83
192	YBR007C	0	14
193	YBR008C	0	14
194	YBR010W	0	98
195	YBR011C	1	95
196	YBR012C	0	0
197	YBR012W-B	0	0
198	YBR013C	0	0
199	YBR014C	0	11
200	YBR015C	0	14
201	YBR017C	0	92
202	YBR018C	0	73
203	YBR019C	0	30
204	YBR020W	0	81
205	YBR021W	0	6
206	YBR023C	0	27
207	YBR024W	1	35
208	YBR025C	0	96
209	YBR027C	0	0
210	YBR028C	0	12
211	YBR029C	1	89
212	YBR033W	0	0
213	YBR034C	0	96
214	YBR035C	0	71
215	YBR036C	0	2
216	YBR037C	0	60
217	YBR038W	1	25
218	YBR039W	0	92
219	YBR040W	0	7
220	YBR041W	0	72
221	YBR042C	0	62
222	YBR043C	0	18
223	YBR044C	0	2
224	YBR045C	0	1
225	YBR047W	0	2
226	YBR049C	1	16
227	YBR050C	0	0
228	YBR052C	0	0
229	YBR053C	0	33
230	YBR054W	0	8
231	YBR055C	1	93
232	YBR056W	0	11
233	YBR057C	0	5
234	YBR058C	0	92
235	YBR058C-A	1	2
236	YBR059C	0	36
237	YBR060C	1	72
238	YBR061C	0	90
239	YBR063C	0	0
240	YBR064W	0	0
241	YBR065C	0	22
242	YBR066C	0	26
243	YBR067C	0	1
244	YBR068C	0	5
245	YBR069C	0	16
246	YBR070C	1	76
247	YBR072W	0	16
248	YBR073W	0	25
249	YBR074W	0	33
250	YBR076W	0	1
251	YBR077C	0	2
252	YBR078W	0	14
253	YBR079C	1	90
254	YBR080C	1	95
255	YBR081C	0	17
256	YBR082C	0	59
257	YBR083W	0	6
258	YBR084W	0	35
259	YBR085W	0	48
260	YBR086C	0	41
261	YBR087W	1	94
262	YBR088C	1	92
263	YBR089C-A	1	37
264	YBR089W	1	0
265	YBR090C	0	0
266	YBR091C	1	4
267	YBR093C	0	21
268	YBR094W	0	37
269	YBR095C	0	9
270	YBR096W	0	19
271	YBR097W	0	80
272	YBR098W	0	9
273	YBR099C	0	0
274	YBR101C	0	49
275	YBR102C	1	48
276	YBR103W	0	70
277	YBR105C	0	39
278	YBR106W	1	23
279	YBR107C	0	0
280	YBR108W	0	3
281	YBR109C	1	98
282	YBR109W-A	0	0
283	YBR110W	1	88
284	YBR111W-A	0	50
285	YBR112C	1	53
286	YBR113W	0	0
287	YBR114W	0	46
288	YBR115C	0	44
289	YBR116C	0	0
290	YBR117C	0	16
291	YBR118W	0	97
292	YBR119W	0	15
293	YBR120C	0	4
294	YBR121C	1	91
295	YBR122C	0	12
296	YBR123C	1	37
297	YBR124W	1	0
298	YBR125C	0	8
299	YBR126C	0	49
300	YBR127C	0	96
301	YBR128C	0	2
302	YBR129C	0	5
303	YBR130C	0	2
304	YBR131W	0	3
305	YBR132C	0	16
306	YBR133C	0	83
307	YBR134W	0	0
308	YBR135W	1	87
309	YBR136W	1	59
310	YBR137W	0	11
311	YBR138C	0	3
312	YBR139W	0	60
313	YBR140C	1	20
314	YBR141C	0	24
315	YBR142W	1	80
316	YBR143C	1	93
317	YBR144C	0	0
318	YBR145W	0	3
319	YBR146W	0	36
320	YBR149W	0	6
321	YBR150C	0	0
322	YBR152W	1	0
323	YBR154C	1	90
324	YBR155W	1	84
325	YBR156C	0	7
326	YBR157C	0	2
327	YBR158W	1	18
328	YBR159W	0	92
329	YBR160W	1	95
330	YBR161W	0	12
331	YBR162C	0	13
332	YBR162W-A	0	5
333	YBR163W	0	11
334	YBR166C	0	25
335	YBR167C	1	10
336	YBR168W	1	2
337	YBR169C	0	35
338	YBR170C	0	85
339	YBR171W	0	15
340	YBR172C	0	25
341	YBR173C	0	45
342	YBR174C	0	0
343	YBR175W	0	79
344	YBR176W	0	32
345	YBR177C	0	10
346	YBR178W	0	0
347	YBR179C	0	24
348	YBR180W	0	14
349	YBR182C	0	31
350	YBR183W	0	17
351	YBR184W	0	0
352	YBR185C	0	6
353	YBR186W	0	65
354	YBR187W	0	81
355	YBR188C	0	1
356	YBR190W	1	0
357	YBR192W	1	78
358	YBR193C	1	10
359	YBR194W	0	2
360	YBR195C	0	6
361	YBR196C	1	96
362	YBR197C	0	2
363	YBR198C	1	90
364	YBR199W	0	10
365	YBR200W	1	20
366	YBR201W	0	14
367	YBR202W	1	92
368	YBR203W	0	4
369	YBR204C	0	3
370	YBR205W	0	4
371	YBR207W	0	5
372	YBR208C	0	62
373	YBR209W	0	0
374	YBR211C	1	2
375	YBR212W	0	21
376	YBR213W	0	16
377	YBR214W	0	14
378	YBR215W	0	11
379	YBR216C	0	5
380	YBR217W	0	32
381	YBR218C	0	34
382	YBR219C	0	0
383	YBR220C	0	86
384	YBR221C	0	93
385	YBR222C	0	83
386	YBR223C	0	62
387	YBR225W	0	2
388	YBR226C	0	0
389	YBR227C	0	87
390	YBR228W	0	62
391	YBR229C	0	92
392	YBR230C	0	2
393	YBR231C	0	57
394	YBR233W	0	78
395	YBR234C	1	85
396	YBR235W	0	76
397	YBR236C	1	86
398	YBR237W	1	89
399	YBR238C	0	4
400	YBR239C	0	15
401	YBR240C	0	2
402	YBR241C	0	76
403	YBR242W	0	41
404	YBR243C	1	92
405	YBR244W	0	62
406	YBR245C	0	18
407	YBR246W	0	40
408	YBR247C	1	92
409	YBR248C	0	34
410	YBR249C	0	22
411	YBR250W	0	1
412	YBR251W	0	21
413	YBR252W	1	87
414	YBR253W	1	3
415	YBR254C	1	84
416	YBR255W	0	5
417	YBR257W	1	38
418	YBR258C	0	2
419	YBR260C	0	61
420	YBR261C	0	88
421	YBR262C	0	2
422	YBR263W	0	14
423	YBR264C	0	1
424	YBR265W	1	63
425	YBR266C	0	0
426	YBR267W	0	88
427	YBR269C	0	21
428	YBR270C	0	3
429	YBR271W	0	18
430	YBR272C	0	4
431	YBR273C	0	26
432	YBR274W	0	60
433	YBR275C	0	5
434	YBR276C	0	16
435	YBR277C	0	0
436	YBR278W	0	11
437	YBR279W	0	47
438	YBR280C	0	13
439	YBR281C	0	19
440	YBR282W	0	11
441	YBR283C	0	5
442	YBR284W	0	2
443	YBR285W	0	0
444	YBR286W	0	19
445	YBR287W	0	26
446	YBR288C	0	10
447	YBR289W	0	40
448	YBR290W	0	15
449	YBR291C	0	73
450	YBR293W	0	14
451	YBR295W	0	8
452	YBR296C	0	80
453	YBR298C	0	8
454	YBR299W	0	7
455	YBR300C	0	0
456	YBR301W	0	0
457	YBR302C	0	0
458	YCL004W	1	84
459	YCL005W	0	1
460	YCL007C	0	0
461	YCL008C	0	60
462	YCL009C	0	21
463	YCL010C	0	14
464	YCL011C	0	41
465	YCL014W	0	8
466	YCL016C	0	58
467	YCL017C	1	98
468	YCL018W	0	31
469	YCL019W	0	4
470	YCL020W	0	0
471	YCL023C	0	0
472	YCL024W	0	29
473	YCL025C	0	8
474	YCL026C-A	0	0
475	YCL027W	0	5
476	YCL028W	1	1
477	YCL029C	0	23
478	YCL030C	0	29
479	YCL031C	1	40
480	YCL032W	0	7
481	YCL033C	0	86
482	YCL034W	0	16
483	YCL035C	0	36
484	YCL036W	0	1
485	YCL037C	0	21
486	YCL038C	0	17
487	YCL039W	0	70
488	YCL040W	0	18
489	YCL042W	0	0
490	YCL043C	1	96
491	YCL044C	0	4
492	YCL045C	0	79
493	YCL046W	0	0
494	YCL048W	0	5
495	YCL049C	0	1
496	YCL050C	0	8
497	YCL051W	0	3
498	YCL052C	1	8
499	YCL054W	1	83
500	YCL055W	0	47
501	YCL056C	0	1
502	YCL057W	0	67
503	YCL058C	0	0
504	YCL059C	1	90
505	YCL061C	0	10
506	YCL063W	0	2
507	YCL064C	0	47
508	YCL065W	0	0
509	YCL069W	0	1
510	YCL073C	0	0
511	YCL076W	0	0
512	YCR001W	0	0
513	YCR002C	0	47
514	YCR003W	0	17
515	YCR004C	0	22
516	YCR005C	0	3
517	YCR007C	0	1
518	YCR008W	0	22
519	YCR009C	0	54
520	YCR010C	0	20
521	YCR011C	0	90
522	YCR012W	1	96
523	YCR014C	0	53
524	YCR015C	0	10
525	YCR016W	0	17
526	YCR020C-A	0	8
527	YCR021C	0	4
528	YCR022C	0	0
529	YCR023C	0	57
530	YCR024C	0	89
531	YCR024C-A	0	1
532	YCR027C	0	44
533	YCR028C	0	19
534	YCR028C-A	0	15
535	YCR030C	0	16
536	YCR033W	0	28
537	YCR034W	0	59
538	YCR035C	1	8
539	YCR036W	0	88
540	YCR037C	0	5
541	YCR038C	0	24
542	YCR039C	1	9
543	YCR040W	0	2
544	YCR041W	0	0
545	YCR042C	1	73
546	YCR044C	0	71
547	YCR045C	0	11
548	YCR046C	0	13
549	YCR047C	0	94
550	YCR048W	0	24
551	YCR050C	0	0
552	YCR052W	1	33
553	YCR053W	0	56
554	YCR054C	1	12
555	YCR057C	1	95
556	YCR059C	0	63
557	YCR060W	0	8
558	YCR061W	0	16
559	YCR063W	0	93
560	YCR065W	0	39
561	YCR066W	0	55
562	YCR067C	0	5
563	YCR068W	0	19
564	YCR071C	0	14
565	YCR072C	1	96
566	YCR073C	0	27
567	YCR075C	0	70
568	YCR076C	0	1
569	YCR077C	0	40
570	YCR079W	0	16
571	YCR081W	0	10
572	YCR082W	0	2
573	YCR084C	0	48
574	YCR086W	0	4
575	YCR087C-A	0	22
576	YCR087W	0	0
577	YCR088W	1	70
578	YCR091W	0	23
579	YCR092C	0	53
580	YCR093W	1	92
581	YCR094W	0	87
582	YCR095C	0	7
583	YCR096C	1	1
584	YCR097W	0	4
585	YCR098C	0	25
586	YCR099C	0	0
587	YCR100C	0	0
588	YCR101C	0	0
589	YCR105W	0	10
590	YCR106W	0	2
591	YCR107W	0	0
592	YDL001W	0	49
593	YDL002C	0	29
594	YDL003W	1	63
595	YDL004W	1	84
596	YDL005C	0	2
597	YDL006W	0	37
598	YDL007W	1	96
599	YDL008W	1	59
600	YDL011C	0	0
601	YDL012C	0	2
602	YDL013W	1	4
603	YDL014W	1	96
604	YDL015C	1	94
605	YDL016C	1	0
606	YDL017W	1	61
607	YDL019C	0	30
608	YDL020C	0	11
609	YDL022W	0	81
610	YDL023C	0	0
611	YDL024C	0	18
612	YDL025C	0	9
613	YDL026W	0	0
614	YDL027C	0	2
615	YDL028C	1	34
616	YDL029W	1	87
617	YDL030W	1	92
618	YDL031W	1	90
619	YDL035C	0	10
620	YDL036C	0	43
621	YDL037C	0	0
622	YDL040C	0	93
623	YDL041W	0	0
624	YDL042C	0	23
625	YDL043C	1	79
626	YDL044C	0	2
627	YDL045C	1	41
628	YDL045W-A	0	14
629	YDL046W	0	26
630	YDL047W	0	67
631	YDL049C	0	5
632	YDL050C	0	0
633	YDL051W	0	71
634	YDL052C	0	82
635	YDL053C	0	2
636	YDL054C	0	17
637	YDL055C	1	94
638	YDL056W	0	20
639	YDL058W	1	52
640	YDL059C	0	9
641	YDL060W	1	95
642	YDL061C	0	14
643	YDL062W	0	0
644	YDL063C	0	15
645	YDL064W	1	90
646	YDL065C	0	35
647	YDL066W	0	75
648	YDL067C	1	17
649	YDL069C	0	0
650	YDL070W	0	30
651	YDL071C	0	0
652	YDL072C	0	61
653	YDL073W	0	3
654	YDL074C	0	73
655	YDL075W	0	66
656	YDL076C	0	3
657	YDL077C	0	30
658	YDL078C	0	8
659	YDL079C	0	5
660	YDL080C	0	1
661	YDL081C	0	81
662	YDL082W	0	58
663	YDL084W	1	94
664	YDL085W	0	7
665	YDL086W	0	17
666	YDL087C	1	88
667	YDL088C	0	5
668	YDL089W	1	3
669	YDL090C	0	88
670	YDL091C	0	76
671	YDL092W	1	6
672	YDL093W	0	1
673	YDL094C	0	0
674	YDL095W	0	21
675	YDL096C	0	0
676	YDL097C	1	97
677	YDL098C	1	79
678	YDL099W	0	2
679	YDL100C	0	94
680	YDL101C	0	38
681	YDL102W	1	92
682	YDL103C	1	94
683	YDL104C	0	80
684	YDL105W	1	41
685	YDL106C	0	32
686	YDL108W	1	80
687	YDL110C	0	3
688	YDL111C	1	27
689	YDL112W	0	15
690	YDL113C	0	17
691	YDL114W	0	76
692	YDL115C	0	7
693	YDL116W	0	56
694	YDL117W	0	21
695	YDL118W	0	0
696	YDL119C	0	57
697	YDL121C	0	2
698	YDL123W	0	11
699	YDL124W	0	15
700	YDL125C	0	95
701	YDL126C	1	96
702	YDL127W	0	12
703	YDL128W	0	35
704	YDL129W	0	2
705	YDL130W	0	14
706	YDL131W	0	52
707	YDL132W	1	94
708	YDL133W	0	9
709	YDL134C	0	34
710	YDL135C	0	84
711	YDL137W	0	83
712	YDL138W	0	20
713	YDL139C	1	2
714	YDL140C	1	91
715	YDL143W	1	97
716	YDL144C	0	17
717	YDL145C	1	94
718	YDL146W	0	15
719	YDL147W	1	97
720	YDL148C	1	81
721	YDL149W	0	57
722	YDL150W	1	51
723	YDL153C	1	66
724	YDL154W	0	47
725	YDL155W	1	44
726	YDL156W	0	52
727	YDL157C	0	5
728	YDL158C	0	0
729	YDL159W	0	53
730	YDL159W-A	0	0
731	YDL160C	0	93
732	YDL161W	0	21
733	YDL162C	0	0
734	YDL164C	1	93
735	YDL165W	1	18
736	YDL166C	1	91
737	YDL167C	0	14
738	YDL168W	0	84
739	YDL171C	0	62
740	YDL172C	0	0
741	YDL173W	0	3
742	YDL175C	0	8
743	YDL176W	0	2
744	YDL178W	0	84
745	YDL179W	0	2
746	YDL180W	0	2
747	YDL181W	0	11
748	YDL183C	0	15
749	YDL185W	0	17
750	YDL186W	0	2
751	YDL188C	0	71
752	YDL189W	0	24
753	YDL190C	0	91
754	YDL191W	0	97
755	YDL192W	0	43
756	YDL193W	1	53
757	YDL195W	1	95
758	YDL196W	1	0
759	YDL198C	0	23
760	YDL199C	0	2
761	YDL200C	0	19
762	YDL201W	0	91
763	YDL202W	0	12
764	YDL203C	0	7
765	YDL204W	0	2
766	YDL206W	0	72
767	YDL207W	1	52
768	YDL208W	1	90
769	YDL209C	1	29
770	YDL210W	0	39
771	YDL211C	0	0
772	YDL212W	1	16
773	YDL213C	0	21
774	YDL214C	0	7
775	YDL215C	0	29
776	YDL216C	0	16
777	YDL217C	1	77
778	YDL218W	0	3
779	YDL219W	0	85
780	YDL220C	1	2
781	YDL221W	1	0
782	YDL223C	0	0
783	YDL224C	0	21
784	YDL225W	0	4
785	YDL226C	0	81
786	YDL229W	0	5
787	YDL230W	0	81
788	YDL231C	0	11
789	YDL232W	1	1
790	YDL233W	0	6
791	YDL235C	1	10
792	YDL236W	0	88
793	YDL237W	0	12
794	YDL238C	0	75
795	YDL239C	0	1
796	YDL240W	0	25
797	YDL241W	0	0
798	YDL243C	0	6
799	YDL245C	0	0
800	YDL246C	0	21
801	YDL248W	0	0
802	YDR001C	0	52
803	YDR002W	1	76
804	YDR003W	0	4
805	YDR004W	0	52
806	YDR005C	0	48
807	YDR006C	0	43
808	YDR007W	0	17
809	YDR009W	0	8
810	YDR010C	0	0
811	YDR012W	0	95
812	YDR013W	1	76
813	YDR016C	1	10
814	YDR017C	0	49
815	YDR018C	0	36
816	YDR020C	0	41
817	YDR021W	1	75
818	YDR022C	0	1
819	YDR023W	1	95
820	YDR024W	0	0
821	YDR026C	0	22
822	YDR027C	0	40
823	YDR028C	0	13
824	YDR030C	0	8
825	YDR031W	0	9
826	YDR032C	0	15
827	YDR034C	0	6
828	YDR036C	0	87
829	YDR037W	1	99
830	YDR038C	0	13
831	YDR039C	0	16
832	YDR040C	0	4
833	YDR041W	1	20
834	YDR042C	0	0
835	YDR043C	0	27
836	YDR044W	1	83
837	YDR045C	1	84
838	YDR046C	0	1
839	YDR049W	0	65
840	YDR050C	1	96
841	YDR051C	0	13
842	YDR052C	1	17
843	YDR054C	1	65
844	YDR055W	0	1
845	YDR056C	0	3
846	YDR060W	1	85
847	YDR061W	0	19
848	YDR062W	1	91
849	YDR063W	0	37
850	YDR066C	0	4
851	YDR067C	0	10
852	YDR068W	0	20
853	YDR069C	0	23
854	YDR070C	0	2
855	YDR071C	0	35
856	YDR072C	0	6
857	YDR073W	0	2
858	YDR074W	0	31
859	YDR075W	0	32
860	YDR076W	0	2
861	YDR077W	0	5
862	YDR078C	0	2
863	YDR079C-A	0	48
864	YDR079W	0	13
865	YDR080W	0	76
866	YDR081C	1	20
867	YDR082W	1	3
868	YDR084C	0	82
869	YDR085C	0	4
870	YDR086C	1	82
871	YDR087C	1	50
872	YDR088C	1	62
873	YDR091C	1	88
874	YDR092W	0	94
875	YDR093W	0	15
876	YDR095C	0	0
877	YDR096W	0	23
878	YDR097C	0	92
879	YDR098C	0	27
880	YDR099W	0	73
881	YDR100W	0	13
882	YDR101C	0	20
883	YDR102C	0	0
884	YDR103W	0	4
885	YDR104C	0	10
886	YDR105C	0	86
887	YDR106W	0	3
888	YDR107C	0	11
889	YDR108W	0	11
890	YDR110W	0	5
891	YDR111C	0	45
892	YDR113C	1	2
893	YDR115W	0	17
894	YDR116C	0	30
895	YDR118W	1	2
896	YDR119W	0	1
897	YDR120C	0	96
898	YDR121W	0	24
899	YDR122W	0	28
900	YDR123C	1	2
901	YDR126W	0	20
902	YDR127W	0	22
903	YDR128W	0	62
904	YDR129C	0	81
905	YDR130C	1	2
906	YDR131C	0	4
907	YDR132C	0	9
908	YDR133C	0	0
909	YDR135C	0	93
910	YDR136C	0	0
911	YDR137W	0	12
912	YDR138W	0	2
913	YDR139C	0	16
914	YDR140W	0	88
915	YDR141C	1	63
916	YDR142C	0	71
917	YDR143C	0	25
918	YDR144C	0	2
919	YDR145W	1	22
920	YDR146C	0	20
921	YDR148C	0	89
922	YDR150W	0	9
923	YDR151C	1	7
924	YDR152W	0	73
925	YDR155C	0	96
926	YDR156W	0	2
927	YDR158W	0	33
928	YDR159W	0	36
929	YDR160W	1	5
930	YDR162C	0	16
931	YDR164C	1	91
932	YDR165W	0	32
933	YDR166C	1	47
934	YDR167W	1	65
935	YDR168W	1	63
936	YDR169C	0	9
937	YDR170C	1	85
938	YDR170W-A	0	0
939	YDR171W	0	6
940	YDR172W	1	96
941	YDR173C	0	55
942	YDR174W	0	20
943	YDR175C	0	11
944	YDR176W	0	19
945	YDR177W	1	84
946	YDR178W	0	5
947	YDR179C	0	2
948	YDR180W	1	50
949	YDR181C	0	2
950	YDR183W	0	87
951	YDR184C	0	3
952	YDR186C	0	2
953	YDR188W	1	98
954	YDR189W	1	96
955	YDR190C	1	95
956	YDR192C	0	9
957	YDR194C	0	13
958	YDR195W	0	2
959	YDR196C	1	87
960	YDR198C	0	28
961	YDR200C	0	20
962	YDR201W	1	5
963	YDR202C	0	5
964	YDR205W	0	23
965	YDR206W	0	19
966	YDR207C	0	2
967	YDR208W	1	67
968	YDR211W	1	92
969	YDR212W	1	93
970	YDR213W	0	10
971	YDR214W	0	84
972	YDR215C	0	0
973	YDR216W	0	5
974	YDR217C	0	11
975	YDR218C	0	2
976	YDR219C	0	2
977	YDR221W	0	73
978	YDR223W	0	1
979	YDR224C	1	92
980	YDR225W	0	74
981	YDR226W	1	97
982	YDR227W	0	1
983	YDR228C	1	45
984	YDR229W	0	10
985	YDR231C	1	9
986	YDR233C	1	35
987	YDR235W	1	27
988	YDR236C	1	75
989	YDR237W	0	27
990	YDR238C	1	96
991	YDR239C	0	2
992	YDR240C	1	2
993	YDR242W	0	70
994	YDR243C	1	83
995	YDR244W	0	68
996	YDR245W	0	15
997	YDR246W	1	77
998	YDR247W	0	12
999	YDR249C	0	2
1000	YDR250C	0	0
1001	YDR251W	0	0
1002	YDR252W	0	0
1003	YDR253C	0	21
1004	YDR254W	0	12
1005	YDR255C	0	75
1006	YDR256C	0	78
1007	YDR259C	0	3
1008	YDR260C	0	1
1009	YDR261W-A	0	0
1010	YDR261W-B	0	1
1011	YDR262W	0	7
1012	YDR263C	0	33
1013	YDR264C	0	75
1014	YDR265W	0	75
1015	YDR266C	0	73
1016	YDR267C	1	93
1017	YDR268W	0	79
1018	YDR269C	0	0
1019	YDR270W	0	92
1020	YDR271C	0	0
1021	YDR273W	0	0
1022	YDR274C	0	0
1023	YDR275W	0	0
1024	YDR276C	0	31
1025	YDR277C	0	4
1026	YDR279W	0	3
1027	YDR280W	1	92
1028	YDR281C	0	0
1029	YDR283C	0	70
1030	YDR284C	0	84
1031	YDR285W	0	5
1032	YDR286C	0	11
1033	YDR287W	0	64
1034	YDR288W	1	8
1035	YDR289C	0	50
1036	YDR290W	0	0
1037	YDR291W	0	34
1038	YDR292C	1	94
1039	YDR293C	0	22
1040	YDR295C	0	4
1041	YDR296W	0	5
1042	YDR297W	0	30
1043	YDR298C	0	88
1044	YDR299W	1	76
1045	YDR300C	0	28
1046	YDR301W	1	83
1047	YDR303C	1	1
1048	YDR304C	0	56
1049	YDR305C	0	35
1050	YDR306C	0	9
1051	YDR307W	0	2
1052	YDR308C	1	29
1053	YDR309C	0	2
1054	YDR310C	0	1
1055	YDR311W	1	60
1056	YDR312W	0	54
1057	YDR313C	0	16
1058	YDR314C	0	3
1059	YDR315C	0	7
1060	YDR316W	0	10
1061	YDR317W	0	2
1062	YDR318W	0	4
1063	YDR319C	0	12
1064	YDR320C	0	27
1065	YDR321W	0	18
1066	YDR322C-A	0	13
1067	YDR322W	0	19
1068	YDR323C	1	62
1069	YDR324C	1	75
1070	YDR326C	0	19
1071	YDR327W	1	0
1072	YDR328C	1	94
1073	YDR329C	0	44
1074	YDR330W	0	57
1075	YDR331W	1	94
1076	YDR332W	0	25
1077	YDR333C	0	67
1078	YDR334W	0	64
1079	YDR335W	0	55
1080	YDR337W	0	25
1081	YDR339C	1	93
1082	YDR340W	0	0
1083	YDR341C	1	79
1084	YDR342C	0	7
1085	YDR343C	0	9
1086	YDR344C	0	0
1087	YDR345C	0	13
1088	YDR346C	0	19
1089	YDR347W	0	6
1090	YDR348C	0	13
1091	YDR349C	0	5
1092	YDR350C	0	2
1093	YDR351W	0	1
1094	YDR353W	1	35
1095	YDR356W	1	29
1096	YDR357C	0	4
1097	YDR359C	0	16
1098	YDR361C	1	57
1099	YDR362C	1	12
1100	YDR363W	0	6
1101	YDR363W-A	0	6
1102	YDR364C	1	94
1103	YDR365C	1	88
1104	YDR366C	0	0
1105	YDR367W	1	11
1106	YDR368W	0	24
1107	YDR369C	0	2
1108	YDR370C	0	2
1109	YDR371W	0	78
1110	YDR372C	0	70
1111	YDR373W	1	78
1112	YDR374C	0	37
1113	YDR376W	1	86
1114	YDR377W	0	17
1115	YDR378C	1	72
1116	YDR379W	0	36
1117	YDR380W	0	4
1118	YDR381W	1	65
1119	YDR382W	0	85
1120	YDR383C	0	1
1121	YDR384C	0	2
1122	YDR386W	0	71
1123	YDR387C	0	19
1124	YDR388W	0	53
1125	YDR389W	1	45
1126	YDR390C	1	89
1127	YDR392W	0	44
1128	YDR394W	1	92
1129	YDR395W	1	5
1130	YDR397C	1	80
1131	YDR398W	1	60
1132	YDR399W	0	6
1133	YDR400W	0	69
1134	YDR403W	0	7
1135	YDR404C	1	91
1136	YDR405W	0	13
1137	YDR406W	0	15
1138	YDR407C	1	49
1139	YDR408C	0	29
1140	YDR409W	0	32
1141	YDR410C	0	88
1142	YDR412W	1	21
1143	YDR413C	1	0
1144	YDR414C	0	23
1145	YDR415C	0	21
1146	YDR416W	1	85
1147	YDR419W	0	76
1148	YDR421W	0	14
1149	YDR422C	0	3
1150	YDR423C	0	1
1151	YDR424C	0	95
1152	YDR425W	0	13
1153	YDR427W	1	93
1154	YDR428C	0	17
1155	YDR429C	1	83
1156	YDR430C	0	81
1157	YDR431W	0	0
1158	YDR432W	1	59
1159	YDR433W	0	0
1160	YDR435C	0	88
1161	YDR436W	0	16
1162	YDR438W	0	12
1163	YDR439W	0	1
1164	YDR440W	0	23
1165	YDR441C	0	0
1166	YDR442W	0	0
1167	YDR443C	0	10
1168	YDR444W	0	5
1169	YDR445C	0	0
1170	YDR446W	0	3
1171	YDR448W	0	87
1172	YDR449C	1	29
1173	YDR450W	0	91
1174	YDR452W	0	76
1175	YDR453C	0	5
1176	YDR454C	1	93
1177	YDR455C	0	0
1178	YDR456W	0	94
1179	YDR457W	0	55
1180	YDR459C	0	11
1181	YDR460W	1	79
1182	YDR461W	0	0
1183	YDR462W	0	9
1184	YDR463W	0	5
1185	YDR464W	1	4
1186	YDR465C	0	27
1187	YDR466W	0	33
1188	YDR468C	1	23
1189	YDR469W	0	11
1190	YDR472W	1	62
1191	YDR473C	1	78
1192	YDR475C	0	4
1193	YDR477W	0	87
1194	YDR478W	1	3
1195	YDR479C	0	15
1196	YDR480W	0	0
1197	YDR482C	0	10
1198	YDR483W	0	4
1199	YDR484W	0	82
1200	YDR485C	0	56
1201	YDR487C	1	28
1202	YDR488C	0	43
1203	YDR489W	1	78
1204	YDR490C	0	10
1205	YDR492W	0	20
1206	YDR496C	0	90
1207	YDR497C	0	30
1208	YDR498C	1	9
1209	YDR499W	1	4
1210	YDR500C	0	13
1211	YDR501W	0	9
1212	YDR502C	0	35
1213	YDR503C	0	16
1214	YDR504C	0	0
1215	YDR505C	1	13
1216	YDR506C	0	4
1217	YDR507C	0	33
1218	YDR508C	0	6
1219	YDR509W	0	0
1220	YDR510W	1	95
1221	YDR511W	0	61
1222	YDR512C	0	2
1223	YDR513W	0	66
1224	YDR514C	0	5
1225	YDR515W	0	8
1226	YDR516C	0	1
1227	YDR517W	0	30
1228	YDR520C	0	5
1229	YDR522C	0	1
1230	YDR523C	0	82
1231	YDR524C	0	2
1232	YDR526C	1	0
1233	YDR527W	1	14
1234	YDR528W	0	0
1235	YDR529C	0	71
1236	YDR530C	0	17
1237	YDR531W	1	79
1238	YDR532C	1	2
1239	YDR533C	0	25
1240	YDR534C	0	1
1241	YDR536W	0	16
1242	YDR538W	0	5
1243	YDR541C	0	25
1244	YDR542W	0	0
1245	YDR545W	0	0
1246	YEL002C	1	89
1247	YEL003W	0	91
1248	YEL004W	0	67
1249	YEL005C	0	2
1250	YEL006W	0	14
1251	YEL008W	0	0
1252	YEL009C	0	33
1253	YEL011W	0	86
1254	YEL012W	0	87
1255	YEL013W	0	66
1256	YEL015W	0	20
1257	YEL016C	0	2
1258	YEL017C-A	0	0
1259	YEL017W	0	2
1260	YEL018W	0	1
1261	YEL019C	1	12
1262	YEL020C	0	69
1263	YEL020W-A	1	79
1264	YEL021W	0	71
1265	YEL022W	0	49
1266	YEL023C	0	14
1267	YEL024W	0	81
1268	YEL026W	1	91
1269	YEL027W	0	85
1270	YEL030W	0	0
1271	YEL031W	0	92
1272	YEL032W	1	91
1273	YEL034W	1	62
1274	YEL036C	0	17
1275	YEL037C	0	94
1276	YEL038W	0	59
1277	YEL039C	0	29
1278	YEL041W	0	39
1279	YEL042W	0	73
1280	YEL043W	0	8
1281	YEL046C	0	74
1282	YEL047C	0	24
1283	YEL048C	0	2
1284	YEL049W	0	0
1285	YEL050C	0	56
1286	YEL051W	0	98
1287	YEL053C	0	63
1288	YEL054C	0	95
1289	YEL055C	1	49
1290	YEL056W	0	94
1291	YEL057C	0	0
1292	YEL058W	1	90
1293	YEL059W	0	0
1294	YEL060C	0	36
1295	YEL061C	0	59
1296	YEL062W	0	62
1297	YEL063C	0	20
1298	YEL064C	0	68
1299	YEL065W	0	9
1300	YEL066W	0	5
1301	YEL068C	0	0
1302	YEL069C	0	3
1303	YEL070W	0	8
1304	YEL071W	0	1
1305	YEL072W	0	2
1306	YEL074W	0	0
1307	YEL075C	0	0
1308	YEL077C	0	0
1309	YER001W	0	3
1310	YER002W	0	21
1311	YER003C	1	94
1312	YER004W	0	54
1313	YER005W	1	58
1314	YER006W	1	84
1315	YER007C-A	0	89
1316	YER007W	0	80
1317	YER008C	1	22
1318	YER009W	1	91
1319	YER010C	0	19
1320	YER011W	0	1
1321	YER012W	1	92
1322	YER013W	1	87
1323	YER014W	0	66
1324	YER015W	0	89
1325	YER016W	1	91
1326	YER017C	0	27
1327	YER018C	1	1
1328	YER019C-A	1	36
1329	YER019W	0	50
1330	YER020W	0	23
1331	YER021W	1	93
1332	YER022W	1	11
1333	YER023W	1	93
1334	YER025W	1	89
1335	YER026C	1	16
1336	YER027C	0	33
1337	YER028C	0	31
1338	YER029C	1	53
1339	YER030W	0	5
1340	YER031C	0	70
1341	YER032W	0	2
1342	YER033C	0	2
1343	YER035W	0	0
1344	YER036C	1	87
1345	YER037W	0	5
1346	YER038C	1	2
1347	YER040W	0	22
1348	YER041W	0	23
1349	YER043C	1	96
1350	YER044C	0	49
1351	YER045C	0	19
1352	YER047C	0	49
1353	YER048C	0	35
1354	YER049W	0	62
1355	YER051W	0	31
1356	YER052C	0	33
1357	YER053C	0	85
1358	YER054C	0	22
1359	YER055C	0	31
1360	YER056C	0	12
1361	YER057C	0	70
1362	YER058W	0	22
1363	YER059W	0	15
1364	YER060W-A	0	2
1365	YER061C	0	86
1366	YER062C	0	7
1367	YER063W	0	9
1368	YER064C	0	1
1369	YER065C	0	31
1370	YER066C-A	0	0
1371	YER066W	0	3
1372	YER067W	0	2
1373	YER068W	0	59
1374	YER069W	0	30
1375	YER070W	1	75
1376	YER071C	0	5
1377	YER073W	0	35
1378	YER075C	0	34
1379	YER076C	0	0
1380	YER077C	0	4
1381	YER078C	0	78
1382	YER079W	0	1
1383	YER081W	0	68
1384	YER082C	1	94
1385	YER083C	0	5
1386	YER084W	0	0
1387	YER086W	0	46
1388	YER087C-B	0	24
1389	YER087W	0	58
1390	YER088C	0	6
1391	YER089C	0	62
1392	YER090W	0	30
1393	YER091C	0	31
1394	YER092W	0	2
1395	YER093C	1	63
1396	YER094C	1	96
1397	YER095W	0	86
1398	YER096W	0	2
1399	YER098W	0	53
1400	YER099C	0	16
1401	YER100W	0	88
1402	YER101C	0	9
1403	YER103W	0	15
1404	YER104W	1	2
1405	YER105C	0	4
1406	YER106W	1	1
1407	YER107C	0	96
1408	YER109C	0	13
1409	YER110C	0	70
1410	YER111C	0	8
1411	YER112W	1	78
1412	YER113C	0	4
1413	YER114C	0	22
1414	YER115C	0	0
1415	YER116C	0	14
1416	YER117W	0	93
1417	YER118C	0	16
1418	YER119C	0	35
1419	YER120W	0	59
1420	YER121W	0	0
1421	YER122C	0	81
1422	YER123W	0	2
1423	YER124C	0	5
1424	YER125W	1	79
1425	YER126C	1	94
1426	YER127W	1	50
1427	YER128W	0	14
1428	YER129W	0	28
1429	YER131W	0	84
1430	YER132C	0	3
1431	YER133W	1	98
1432	YER136W	1	98
1433	YER137C	0	3
1434	YER138C	0	1
1435	YER139C	0	12
1436	YER140W	0	66
1437	YER142C	0	25
1438	YER143W	0	57
1439	YER144C	0	22
1440	YER145C	0	20
1441	YER146W	1	84
1442	YER147C	1	2
1443	YER148W	1	97
1444	YER149C	0	3
1445	YER150W	0	3
1446	YER151C	0	55
1447	YER152C	0	40
1448	YER153C	0	2
1449	YER154W	0	85
1450	YER155C	0	11
1451	YER156C	0	93
1452	YER157W	1	77
1453	YER158C	0	2
1454	YER159C	1	23
1455	YER159C-A	0	0
1456	YER160C	0	1
1457	YER161C	0	5
1458	YER162C	0	74
1459	YER163C	0	85
1460	YER164W	0	88
1461	YER165W	1	96
1462	YER166W	0	37
1463	YER167W	0	2
1464	YER168C	1	71
1465	YER169W	0	16
1466	YER170W	0	59
1467	YER171W	1	93
1468	YER172C	1	84
1469	YER173W	0	49
1470	YER174C	0	67
1471	YER175C	0	28
1472	YER176W	0	29
1473	YER177W	0	33
1474	YER178W	0	93
1475	YER179W	0	46
1476	YER180C	0	1
1477	YER181C	0	0
1478	YER182W	0	14
1479	YER183C	0	71
1480	YER184C	0	2
1481	YER186C	0	0
1482	YER188W	0	0
1483	YER189W	0	0
1484	YFL001W	0	81
1485	YFL002C	1	88
1486	YFL002W-B	0	0
1487	YFL003C	0	61
1488	YFL004W	0	11
1489	YFL005W	1	74
1490	YFL007W	0	63
1491	YFL008W	1	88
1492	YFL009W	1	51
1493	YFL010C	0	12
1494	YFL010W-A	0	0
1495	YFL011W	0	7
1496	YFL012W	0	0
1497	YFL013C	0	12
1498	YFL014W	0	12
1499	YFL015C	0	0
1500	YFL016C	0	86
1501	YFL017C	1	82
1502	YFL017W-A	1	82
1503	YFL018C	0	93
1504	YFL020C	0	0
1505	YFL021W	0	12
1506	YFL022C	1	91
1507	YFL023W	1	8
1508	YFL024C	1	55
1509	YFL025C	0	57
1510	YFL026W	0	10
1511	YFL027C	0	32
1512	YFL028C	0	47
1513	YFL029C	1	11
1514	YFL030W	0	82
1515	YFL031W	0	5
1516	YFL033C	0	26
1517	YFL034C-B	1	15
1518	YFL034W	0	38
1519	YFL036W	0	78
1520	YFL037W	1	97
1521	YFL038C	1	98
1522	YFL039C	1	98
1523	YFL040W	0	4
1524	YFL041W	0	28
1525	YFL042C	0	49
1526	YFL044C	0	76
1527	YFL045C	1	91
1528	YFL047W	0	31
1529	YFL048C	0	16
1530	YFL049W	0	4
1531	YFL050C	0	4
1532	YFL051C	0	0
1533	YFL052W	0	1
1534	YFL053W	0	54
1535	YFL054C	0	8
1536	YFL055W	0	51
1537	YFL056C	0	2
1538	YFL058W	0	4
1539	YFL059W	0	16
1540	YFL060C	0	5
1541	YFL061W	0	7
1542	YFL062W	0	0
1543	YFL063W	0	0
1544	YFL065C	0	0
1545	YFL066C	0	0
1546	YFL067W	0	1
1547	YFR001W	0	10
1548	YFR002W	1	81
1549	YFR003C	1	36
1550	YFR004W	1	98
1551	YFR006W	0	81
1552	YFR007W	0	28
1553	YFR008W	0	2
1554	YFR009W	0	88
1555	YFR010W	0	93
1556	YFR011C	0	8
1557	YFR012W	0	0
1558	YFR013W	0	4
1559	YFR014C	0	66
1560	YFR015C	0	72
1561	YFR016C	0	4
1562	YFR017C	0	1
1563	YFR018C	0	65
1564	YFR019W	0	74
1565	YFR021W	0	70
1566	YFR022W	0	5
1567	YFR024C-A	0	21
1568	YFR026C	0	0
1569	YFR027W	1	44
1570	YFR028C	1	85
1571	YFR029W	1	5
1572	YFR030W	0	29
1573	YFR031C	1	89
1574	YFR032C	0	5
1575	YFR033C	0	17
1576	YFR034C	0	5
1577	YFR036W	0	1
1578	YFR037C	1	38
1579	YFR038W	0	47
1580	YFR039C	0	1
1581	YFR040W	0	7
1582	YFR042W	1	3
1583	YFR043C	0	4
1584	YFR044C	0	80
1585	YFR045W	0	5
1586	YFR046C	0	1
1587	YFR047C	0	49
1588	YFR049W	0	5
1589	YFR050C	1	94
1590	YFR051C	1	93
1591	YFR052W	1	86
1592	YFR053C	0	65
1593	YFR054C	0	0
1594	YFR055W	0	5
1595	YFR057W	0	0
1596	YGL001C	1	92
1597	YGL003C	1	93
1598	YGL004C	0	27
1599	YGL005C	0	4
1600	YGL006W	0	89
1601	YGL008C	1	21
1602	YGL009C	0	26
1603	YGL010W	0	27
1604	YGL011C	1	93
1605	YGL012W	0	24
1606	YGL013C	0	4
1607	YGL014W	1	27
1608	YGL015C	0	0
1609	YGL016W	0	13
1610	YGL017W	0	64
1611	YGL018C	1	66
1612	YGL019W	0	25
1613	YGL020C	0	9
1614	YGL021W	0	10
1615	YGL022W	1	93
1616	YGL023C	0	17
1617	YGL024W	0	0
1618	YGL025C	0	1
1619	YGL026C	0	35
1620	YGL027C	0	80
1621	YGL028C	0	8
1622	YGL029W	1	9
1623	YGL030W	1	91
1624	YGL032C	0	2
1625	YGL035C	0	37
1626	YGL036W	0	2
1627	YGL037C	0	65
1628	YGL038C	0	12
1629	YGL039W	0	5
1630	YGL040C	1	80
1631	YGL042C	0	0
1632	YGL043W	0	89
1633	YGL044C	1	69
1634	YGL045W	0	21
1635	YGL047W	1	74
1636	YGL048C	1	95
1637	YGL049C	0	32
1638	YGL050W	0	42
1639	YGL051W	0	0
1640	YGL052W	0	0
1641	YGL053W	0	0
1642	YGL054C	0	83
1643	YGL055W	1	76
1644	YGL057C	0	0
1645	YGL058W	0	95
1646	YGL059W	0	62
1647	YGL060W	0	4
1648	YGL061C	1	2
1649	YGL062W	0	55
1650	YGL063W	0	23
1651	YGL064C	0	14
1652	YGL065C	1	89
1653	YGL066W	0	29
1654	YGL068W	1	89
1655	YGL069C	1	0
1656	YGL070C	0	85
1657	YGL071W	0	3
1658	YGL072C	0	0
1659	YGL073W	1	45
1660	YGL074C	1	0
1661	YGL075C	1	2
1662	YGL077C	0	15
1663	YGL078C	0	28
1664	YGL079W	0	5
1665	YGL081W	0	0
1666	YGL083W	0	73
1667	YGL084C	1	46
1668	YGL085W	0	19
1669	YGL086W	0	27
1670	YGL087C	0	91
1671	YGL090W	0	1
1672	YGL091C	1	94
1673	YGL092W	1	46
1674	YGL093W	1	15
1675	YGL094C	0	74
1676	YGL095C	0	91
1677	YGL096W	0	11
1678	YGL097W	1	93
1679	YGL098W	1	13
1680	YGL099W	1	90
1681	YGL100W	0	71
1682	YGL102C	1	0
1683	YGL104C	0	4
1684	YGL105W	0	53
1685	YGL106W	1	17
1686	YGL110C	0	10
1687	YGL111W	1	54
1688	YGL112C	1	83
1689	YGL113W	1	3
1690	YGL114W	0	23
1691	YGL115W	0	75
1692	YGL116W	1	22
1693	YGL117W	0	1
1694	YGL119W	0	85
1695	YGL120C	1	89
1696	YGL121C	0	1
1697	YGL122C	1	41
1698	YGL124C	0	78
1699	YGL125W	0	64
1700	YGL126W	0	9
1701	YGL127C	0	24
1702	YGL128C	1	4
1703	YGL129C	0	21
1704	YGL130W	1	61
1705	YGL131C	0	17
1706	YGL132W	0	0
1707	YGL133W	0	46
1708	YGL134W	0	4
1709	YGL137W	1	93
1710	YGL138C	0	3
1711	YGL139W	0	4
1712	YGL141W	0	63
1713	YGL142C	1	80
1714	YGL143C	0	89
1715	YGL144C	0	18
1716	YGL145W	1	8
1717	YGL146C	0	1
1718	YGL147C	0	35
1719	YGL148W	0	36
1720	YGL149W	0	0
1721	YGL150C	1	64
1722	YGL151W	0	3
1723	YGL153W	0	57
1724	YGL154C	0	26
1725	YGL155W	1	23
1726	YGL156W	0	44
1727	YGL157W	0	18
1728	YGL158W	0	0
1729	YGL161C	0	65
1730	YGL162W	0	3
1731	YGL163C	0	91
1732	YGL165C	0	0
1733	YGL166W	1	4
1734	YGL167C	0	97
1735	YGL168W	0	0
1736	YGL169W	1	51
1737	YGL170C	0	0
1738	YGL171W	1	87
1739	YGL172W	1	22
1740	YGL173C	0	70
1741	YGL174W	0	57
1742	YGL175C	0	4
1743	YGL177W	0	0
1744	YGL178W	0	13
1745	YGL179C	0	65
1746	YGL180W	1	66
1747	YGL181W	0	26
1748	YGL183C	0	69
1749	YGL184C	0	19
1750	YGL185C	0	3
1751	YGL186C	0	9
1752	YGL187C	0	49
1753	YGL189C	1	61
1754	YGL190C	0	88
1755	YGL192W	0	25
1756	YGL194C	0	13
1757	YGL195W	0	72
1758	YGL197W	0	7
1759	YGL198W	0	43
1760	YGL200C	0	78
1761	YGL201C	1	96
1762	YGL202W	0	56
1763	YGL204C	0	0
1764	YGL205W	0	85
1765	YGL206C	0	96
1766	YGL207W	1	93
1767	YGL208W	0	57
1768	YGL210W	0	35
1769	YGL212W	0	19
1770	YGL213C	1	13
1771	YGL214W	0	0
1772	YGL215W	0	17
1773	YGL216W	0	73
1774	YGL217C	0	0
1775	YGL220W	0	62
1776	YGL221C	0	62
1777	YGL222C	0	2
1778	YGL223C	0	3
1779	YGL225W	1	80
1780	YGL226C-A	0	2
1781	YGL226W	0	2
1782	YGL227W	0	23
1783	YGL229C	0	1
1784	YGL230C	0	0
1785	YGL233W	1	72
1786	YGL234W	0	81
1787	YGL235W	0	0
1788	YGL236C	1	79
1789	YGL237C	0	24
1790	YGL238W	1	96
1791	YGL239C	1	0
1792	YGL240W	0	80
1793	YGL241W	0	69
1794	YGL242C	0	48
1795	YGL244W	0	71
1796	YGL245W	1	50
1797	YGL246C	0	69
1798	YGL247W	1	5
1799	YGL249W	0	2
1800	YGL250W	0	3
1801	YGL251C	0	44
1802	YGL252C	0	14
1803	YGL253W	0	25
1804	YGL254W	0	34
1805	YGL256W	0	74
1806	YGL258W	0	0
1807	YGL259W	0	0
1808	YGL263W	0	0
1809	YGR002C	1	80
1810	YGR003W	0	69
1811	YGR004W	0	4
1812	YGR005C	1	70
1813	YGR006W	0	60
1814	YGR009C	1	14
1815	YGR010W	0	53
1816	YGR013W	1	8
1817	YGR014W	0	7
1818	YGR016W	0	3
1819	YGR017W	0	18
1820	YGR018C	0	0
1821	YGR020C	0	93
1822	YGR021W	0	65
1823	YGR023W	0	1
1824	YGR024C	1	77
1825	YGR026W	0	4
1826	YGR028W	0	83
1827	YGR029W	1	77
1828	YGR030C	1	2
1829	YGR031W	0	82
1830	YGR032W	0	17
1831	YGR033C	0	43
1832	YGR034W	0	88
1833	YGR035C	0	0
1834	YGR036C	0	71
1835	YGR037C	0	87
1836	YGR038W	0	61
1837	YGR040W	0	13
1838	YGR041W	0	0
1839	YGR042W	0	4
1840	YGR045C	0	0
1841	YGR046W	1	78
1842	YGR047C	1	81
1843	YGR048W	1	87
1844	YGR049W	0	1
1845	YGR050C	0	0
1846	YGR052W	0	6
1847	YGR053C	0	9
1848	YGR054W	0	87
1849	YGR055W	0	78
1850	YGR056W	0	20
1851	YGR057C	0	12
1852	YGR058W	0	45
1853	YGR059W	0	3
1854	YGR060W	1	79
1855	YGR061C	0	74
1856	YGR062C	0	50
1857	YGR063C	0	85
1858	YGR064W	0	0
1859	YGR065C	1	3
1860	YGR066C	0	29
1861	YGR067C	0	2
1862	YGR068C	0	3
1863	YGR069W	0	0
1864	YGR070W	0	2
1865	YGR071C	0	2
1866	YGR072W	0	9
1867	YGR073C	1	0
1868	YGR074W	1	89
1869	YGR075C	1	2
1870	YGR076C	0	11
1871	YGR077C	0	2
1872	YGR078C	0	89
1873	YGR079W	0	2
1874	YGR080W	0	77
1875	YGR081C	0	4
1876	YGR082W	1	61
1877	YGR083C	1	84
1878	YGR084C	0	2
1879	YGR085C	0	92
1880	YGR086C	0	14
1881	YGR087C	0	7
1882	YGR088W	0	9
1883	YGR089W	0	11
1884	YGR090W	1	86
1885	YGR091W	1	86
1886	YGR092W	0	7
1887	YGR094W	1	97
1888	YGR095C	1	65
1889	YGR097W	0	5
1890	YGR098C	1	16
1891	YGR099W	1	13
1892	YGR100W	0	43
1893	YGR101W	0	72
1894	YGR102C	0	3
1895	YGR103W	1	91
1896	YGR104C	0	7
1897	YGR105W	0	12
1898	YGR107W	0	0
1899	YGR108W	0	17
1900	YGR109C	0	6
1901	YGR110W	0	20
1902	YGR111W	0	13
1903	YGR113W	1	10
1904	YGR114C	1	0
1905	YGR115C	1	0
1906	YGR116W	1	88
1907	YGR117C	0	4
1908	YGR119C	1	64
1909	YGR120C	1	2
1910	YGR121C	0	14
1911	YGR122W	0	2
1912	YGR123C	0	84
1913	YGR124W	0	47
1914	YGR125W	0	23
1915	YGR126W	0	2
1916	YGR128C	1	5
1917	YGR129W	0	4
1918	YGR130C	0	2
1919	YGR131W	0	1
1920	YGR132C	0	92
1921	YGR133W	0	18
1922	YGR134W	0	4
1923	YGR135W	0	94
1924	YGR136W	0	14
1925	YGR138C	0	10
1926	YGR139W	0	0
1927	YGR140W	1	2
1928	YGR141W	0	17
1929	YGR142W	0	2
1930	YGR143W	0	4
1931	YGR144W	0	23
1932	YGR145W	1	93
1933	YGR146C	0	0
1934	YGR148C	0	43
1935	YGR149W	0	30
1936	YGR150C	0	7
1937	YGR151C	0	0
1938	YGR152C	0	53
1939	YGR153W	0	0
1940	YGR154C	0	0
1941	YGR155W	1	88
1942	YGR156W	1	4
1943	YGR157W	0	20
1944	YGR158C	1	12
1945	YGR159C	1	81
1946	YGR160W	0	0
1947	YGR161C	0	1
1948	YGR161C-D	0	0
1949	YGR161W-B	0	5
1950	YGR162W	0	45
1951	YGR163W	0	81
1952	YGR165W	0	8
1953	YGR166W	0	4
1954	YGR167W	0	23
1955	YGR168C	0	1
1956	YGR169C	0	6
1957	YGR170W	0	19
1958	YGR171C	0	92
1959	YGR172C	1	94
1960	YGR173W	0	76
1961	YGR174C	0	5
1962	YGR175C	1	54
1963	YGR177C	0	4
1964	YGR178C	0	65
1965	YGR179C	1	2
1966	YGR180C	0	1
1967	YGR181W	0	65
1968	YGR182C	0	0
1969	YGR184C	0	64
1970	YGR185C	1	85
1971	YGR186W	1	20
1972	YGR187C	0	74
1973	YGR188C	0	53
1974	YGR189C	0	17
1975	YGR191W	1	29
1976	YGR192C	0	50
1977	YGR193C	0	16
1978	YGR194C	0	77
1979	YGR195W	1	97
1980	YGR196C	0	3
1981	YGR197C	0	12
1982	YGR198W	1	6
1983	YGR199W	0	3
1984	YGR200C	0	84
1985	YGR201C	0	3
1986	YGR202C	0	56
1987	YGR203W	0	24
1988	YGR204W	0	54
1989	YGR205W	0	30
1990	YGR206W	0	1
1991	YGR207C	0	85
1992	YGR208W	0	74
1993	YGR209C	0	65
1994	YGR210C	0	23
1995	YGR211W	1	93
1996	YGR213C	0	8
1997	YGR214W	0	60
1998	YGR215W	0	19
1999	YGR216C	1	35
2000	YGR217W	0	82
2001	YGR218W	1	94
2002	YGR219W	0	0
2003	YGR220C	0	89
2004	YGR221C	0	1
2005	YGR222W	0	3
2006	YGR223C	0	76
2007	YGR224W	0	5
2008	YGR225W	0	8
2009	YGR227W	0	71
2010	YGR228W	0	0
2011	YGR229C	0	13
2012	YGR231C	0	90
2013	YGR232W	0	89
2014	YGR233C	0	20
2015	YGR234W	0	22
2016	YGR235C	0	10
2017	YGR236C	0	1
2018	YGR237C	0	3
2019	YGR238C	0	30
2020	YGR239C	0	2
2021	YGR240C	0	33
2022	YGR241C	0	53
2023	YGR242W	0	0
2024	YGR243W	0	72
2025	YGR244C	1	95
2026	YGR245C	1	92
2027	YGR246C	1	89
2028	YGR247W	0	6
2029	YGR249W	0	18
2030	YGR250C	0	27
2031	YGR251W	1	3
2032	YGR252W	0	52
2033	YGR253C	1	93
2034	YGR254W	0	86
2035	YGR255C	0	81
2036	YGR256W	0	6
2037	YGR257C	0	87
2038	YGR258C	0	73
2039	YGR260W	0	40
2040	YGR261C	0	81
2041	YGR262C	0	80
2042	YGR263C	0	11
2043	YGR264C	1	80
2044	YGR266W	0	19
2045	YGR267C	1	76
2046	YGR268C	0	7
2047	YGR269W	0	0
2048	YGR270W	0	61
2049	YGR271W	0	82
2050	YGR274C	1	74
2051	YGR275W	0	2
2052	YGR276C	0	50
2053	YGR277C	1	23
2054	YGR278W	1	88
2055	YGR279C	0	9
2056	YGR280C	1	55
2057	YGR281W	0	15
2058	YGR282C	0	18
2059	YGR283C	0	34
2060	YGR284C	0	71
2061	YGR285C	0	70
2062	YGR289C	0	5
2063	YGR290W	0	0
2064	YGR291C	0	0
2065	YGR292W	0	8
2066	YGR293C	0	0
2067	YGR294W	1	0
2068	YGR295C	0	0
2069	YGR296W	0	0
2070	YHL001W	0	74
2071	YHL002W	0	72
2072	YHL003C	0	66
2073	YHL004W	0	61
2074	YHL005C	0	0
2075	YHL006C	0	1
2076	YHL007C	0	81
2077	YHL008C	0	6
2078	YHL009C	0	10
2079	YHL010C	0	82
2080	YHL011C	0	27
2081	YHL014C	0	4
2082	YHL015W	1	97
2083	YHL016C	0	64
2084	YHL017W	0	26
2085	YHL018W	0	37
2086	YHL019C	0	4
2087	YHL020C	0	8
2088	YHL021C	0	67
2089	YHL022C	0	53
2090	YHL023C	0	22
2091	YHL024W	0	15
2092	YHL025W	0	2
2093	YHL026C	0	3
2094	YHL027W	0	22
2095	YHL029C	0	5
2096	YHL030W	0	68
2097	YHL031C	0	82
2098	YHL032C	0	95
2099	YHL033C	0	34
2100	YHL034C	0	7
2101	YHL035C	0	5
2102	YHL036W	0	29
2103	YHL038C	0	1
2104	YHL039W	0	39
2105	YHL042W	0	0
2106	YHL043W	0	0
2107	YHL044W	0	0
2108	YHL045W	0	0
2109	YHL046C	0	0
2110	YHL047C	0	2
2111	YHL048W	0	0
2112	YHL049C	0	0
2113	YHL050C	0	0
2114	YHR001W	0	69
2115	YHR002W	0	69
2116	YHR003C	0	0
2117	YHR004C	0	20
2118	YHR005C	1	83
2119	YHR005C-A	1	80
2120	YHR007C	1	85
2121	YHR008C	0	95
2122	YHR009C	1	33
2123	YHR011W	0	72
2124	YHR012W	0	92
2125	YHR013C	0	94
2126	YHR014W	1	0
2127	YHR015W	0	5
2128	YHR016C	0	27
2129	YHR018C	0	73
2130	YHR019C	1	79
2131	YHR020W	1	62
2132	YHR022C	0	2
2133	YHR023W	1	69
2134	YHR024C	1	87
2135	YHR025W	0	31
2136	YHR026W	0	92
2137	YHR027C	1	96
2138	YHR028C	0	82
2139	YHR030C	0	40
2140	YHR031C	0	20
2141	YHR032W	0	8
2142	YHR033W	0	6
2143	YHR034C	0	10
2144	YHR035W	0	3
2145	YHR036W	1	16
2146	YHR038W	0	22
2147	YHR039C	0	29
2148	YHR039C-A	0	72
2149	YHR040W	1	43
2150	YHR041C	0	6
2151	YHR042W	1	94
2152	YHR043C	0	5
2153	YHR044C	0	3
2154	YHR045W	0	12
2155	YHR046C	0	28
2156	YHR047C	0	55
2157	YHR048W	0	11
2158	YHR049W	0	13
2159	YHR050W	0	28
2160	YHR051W	0	69
2161	YHR052W	1	36
2162	YHR053C	0	0
2163	YHR056C	0	0
2164	YHR057C	0	18
2165	YHR058C	1	63
2166	YHR059W	0	11
2167	YHR060W	0	9
2168	YHR061C	0	1
2169	YHR062C	1	60
2170	YHR063C	0	20
2171	YHR064C	0	17
2172	YHR065C	1	92
2173	YHR066W	0	49
2174	YHR067W	0	15
2175	YHR068W	1	96
2176	YHR069C	1	86
2177	YHR070W	1	87
2178	YHR071W	0	6
2179	YHR072W	1	54
2180	YHR072W-A	1	83
2181	YHR073W	0	43
2182	YHR074W	1	84
2183	YHR075C	0	82
2184	YHR076W	0	88
2185	YHR077C	0	74
2186	YHR078W	0	19
2187	YHR079C	0	72
2188	YHR079C-A	0	3
2189	YHR080C	0	6
2190	YHR081W	0	6
2191	YHR082C	1	16
2192	YHR083W	1	5
2193	YHR084W	1	9
2194	YHR085W	1	18
2195	YHR086W	1	53
2196	YHR087W	0	14
2197	YHR088W	1	90
2198	YHR089C	1	85
2199	YHR090C	0	57
2200	YHR091C	0	22
2201	YHR092C	0	3
2202	YHR094C	0	1
2203	YHR096C	0	15
2204	YHR097C	0	3
2205	YHR098C	1	26
2206	YHR099W	1	74
2207	YHR100C	0	24
2208	YHR102W	1	71
2209	YHR103W	0	5
2210	YHR105W	0	4
2211	YHR106W	0	9
2212	YHR107C	1	28
2213	YHR108W	0	61
2214	YHR109W	0	4
2215	YHR110W	0	14
2216	YHR111W	0	91
2217	YHR112C	0	15
2218	YHR113W	0	74
2219	YHR114W	0	71
2220	YHR115C	0	9
2221	YHR116W	0	7
2222	YHR117W	0	13
2223	YHR118C	1	4
2224	YHR119W	0	41
2225	YHR120W	0	26
2226	YHR121W	0	61
2227	YHR122W	1	92
2228	YHR123W	0	65
2229	YHR124W	0	7
2230	YHR127W	0	2
2231	YHR128W	1	90
2232	YHR129C	0	1
2233	YHR130C	0	0
2234	YHR132C	0	76
2235	YHR133C	0	0
2236	YHR134W	0	23
2237	YHR135C	0	16
2238	YHR136C	0	0
2239	YHR137W	0	7
2240	YHR138C	0	7
2241	YHR140W	0	8
2242	YHR142W	0	17
2243	YHR143W	0	2
2244	YHR143W-A	1	64
2245	YHR144C	0	32
2246	YHR145C	0	0
2247	YHR147C	0	31
2248	YHR148W	1	90
2249	YHR149C	0	3
2250	YHR151C	0	9
2251	YHR152W	0	1
2252	YHR154W	0	21
2253	YHR156C	0	41
2254	YHR157W	0	0
2255	YHR158C	0	28
2256	YHR159W	0	2
2257	YHR160C	0	0
2258	YHR161C	0	33
2259	YHR163W	0	57
2260	YHR164C	1	64
2261	YHR165C	1	93
2262	YHR166C	1	87
2263	YHR167W	0	2
2264	YHR168W	0	89
2265	YHR169W	1	81
2266	YHR170W	1	95
2267	YHR171W	0	83
2268	YHR172W	1	62
2269	YHR174W	0	13
2270	YHR175W	0	72
2271	YHR177W	0	7
2272	YHR178W	0	9
2273	YHR179W	0	22
2274	YHR180W	0	0
2275	YHR182W	0	2
2276	YHR183W	0	86
2277	YHR184W	0	2
2278	YHR185C	0	0
2279	YHR186C	1	78
2280	YHR187W	0	12
2281	YHR188C	1	77
2282	YHR189W	0	40
2283	YHR190W	1	54
2284	YHR191C	0	12
2285	YHR193C	0	92
2286	YHR194W	0	18
2287	YHR195W	0	2
2288	YHR196W	1	3
2289	YHR197W	1	6
2290	YHR198C	0	18
2291	YHR199C	0	1
2292	YHR200W	0	88
2293	YHR201C	0	63
2294	YHR203C	0	95
2295	YHR204W	0	79
2296	YHR205W	0	31
2297	YHR206W	0	31
2298	YHR207C	0	64
2299	YHR208W	0	25
2300	YHR209W	0	18
2301	YHR211W	0	3
2302	YHR212W-A	0	0
2303	YHR214C-B	0	1
2304	YHR214W-A	0	0
2305	YHR215W	0	14
2306	YHR216W	0	3
2307	YIL001W	0	45
2308	YIL002C	0	6
2309	YIL004C	1	37
2310	YIL005W	0	25
2311	YIL006W	0	50
2312	YIL007C	0	89
2313	YIL008W	0	78
2314	YIL009C-A	0	4
2315	YIL009W	0	5
2316	YIL010W	0	24
2317	YIL011W	0	1
2318	YIL013C	0	4
2319	YIL014W	0	8
2320	YIL016W	0	3
2321	YIL017C	0	15
2322	YIL018W	0	94
2323	YIL019W	1	12
2324	YIL020C	0	30
2325	YIL021W	1	94
2326	YIL022W	1	83
2327	YIL023C	0	78
2328	YIL024C	0	1
2329	YIL025C	0	0
2330	YIL026C	1	51
2331	YIL027C	0	7
2332	YIL028W	0	0
2333	YIL029C	0	0
2334	YIL030C	0	53
2335	YIL031W	1	28
2336	YIL032C	0	0
2337	YIL033C	0	89
2338	YIL034C	0	86
2339	YIL035C	0	76
2340	YIL037C	0	0
2341	YIL038C	0	57
2342	YIL039W	0	20
2343	YIL040W	0	1
2344	YIL041W	0	19
2345	YIL042C	0	54
2346	YIL044C	0	72
2347	YIL045W	0	14
2348	YIL046W	1	58
2349	YIL047C	0	80
2350	YIL048W	1	84
2351	YIL049W	0	71
2352	YIL050W	0	14
2353	YIL051C	1	17
2354	YIL052C	0	81
2355	YIL053W	0	16
2356	YIL054W	0	0
2357	YIL055C	0	1
2358	YIL056W	0	4
2359	YIL057C	0	2
2360	YIL059C	0	0
2361	YIL060W	0	0
2362	YIL061C	1	69
2363	YIL062C	1	68
2364	YIL063C	1	58
2365	YIL064W	0	81
2366	YIL065C	0	74
2367	YIL066C	0	20
2368	YIL068C	1	61
2369	YIL070C	0	37
2370	YIL071C	0	3
2371	YIL072W	0	22
2372	YIL074C	0	32
2373	YIL075C	1	93
2374	YIL076W	0	22
2375	YIL077C	0	3
2376	YIL078W	1	96
2377	YIL079C	0	21
2378	YIL082W	0	0
2379	YIL082W-A	0	20
2380	YIL084C	0	9
2381	YIL085C	0	2
2382	YIL086C	0	0
2383	YIL088C	0	39
2384	YIL091C	1	92
2385	YIL092W	0	0
2386	YIL093C	0	19
2387	YIL094C	0	20
2388	YIL095W	0	28
2389	YIL096C	0	26
2390	YIL097W	0	80
2391	YIL098C	0	4
2392	YIL101C	0	3
2393	YIL103W	0	93
2394	YIL104C	1	58
2395	YIL105C	0	15
2396	YIL106W	1	89
2397	YIL108W	0	20
2398	YIL109C	1	91
2399	YIL110W	0	74
2400	YIL111W	0	12
2401	YIL112W	0	45
2402	YIL113W	0	50
2403	YIL114C	0	6
2404	YIL115C	1	11
2405	YIL117C	0	3
2406	YIL118W	1	14
2407	YIL119C	0	0
2408	YIL120W	0	10
2409	YIL121W	0	15
2410	YIL122W	0	1
2411	YIL124W	0	35
2412	YIL125W	0	93
2413	YIL126W	1	43
2414	YIL128W	0	72
2415	YIL129C	1	68
2416	YIL130W	0	17
2417	YIL131C	0	19
2418	YIL132C	0	2
2419	YIL134W	0	40
2420	YIL135C	0	3
2421	YIL136W	0	2
2422	YIL137C	1	5
2423	YIL138C	0	17
2424	YIL139C	0	4
2425	YIL140W	0	14
2426	YIL141W	0	0
2427	YIL142W	1	97
2428	YIL143C	1	93
2429	YIL144W	1	59
2430	YIL145C	0	33
2431	YIL147C	1	25
2432	YIL148W	0	90
2433	YIL149C	0	10
2434	YIL150C	1	33
2435	YIL151C	0	5
2436	YIL152W	0	0
2437	YIL153W	0	45
2438	YIL154C	0	4
2439	YIL156W	0	14
2440	YIL157C	0	13
2441	YIL158W	0	0
2442	YIL159W	0	48
2443	YIL160C	0	58
2444	YIL162W	0	22
2445	YIL163C	0	0
2446	YIL166C	0	16
2447	YIL169C	0	2
2448	YIL172C	0	28
2449	YIL173W	0	16
2450	YIL177C	0	0
2451	YIR001C	0	63
2452	YIR002C	0	55
2453	YIR003W	0	0
2454	YIR004W	1	36
2455	YIR005W	0	85
2456	YIR006C	1	29
2457	YIR008C	1	87
2458	YIR009W	0	18
2459	YIR010W	1	3
2460	YIR011C	1	13
2461	YIR012W	1	50
2462	YIR013C	0	2
2463	YIR014W	0	2
2464	YIR016W	0	0
2465	YIR017C	0	3
2466	YIR018W	0	1
2467	YIR021W	0	0
2468	YIR022W	1	91
2469	YIR023W	0	15
2470	YIR024C	0	2
2471	YIR025W	0	2
2472	YIR026C	0	80
2473	YIR027C	0	79
2474	YIR028W	0	18
2475	YIR031C	0	17
2476	YIR032C	0	13
2477	YIR033W	0	13
2478	YIR034C	0	23
2479	YIR035C	0	36
2480	YIR036C	0	15
2481	YIR037W	0	40
2482	YIR038C	0	16
2483	YIR039C	0	3
2484	YIR040C	0	0
2485	YIR042C	0	21
2486	YJL001W	1	95
2487	YJL002C	1	83
2488	YJL004C	0	62
2489	YJL005W	1	26
2490	YJL006C	0	27
2491	YJL008C	1	96
2492	YJL010C	1	69
2493	YJL011C	1	38
2494	YJL012C	1	30
2495	YJL013C	0	13
2496	YJL014W	1	94
2497	YJL015C	1	0
2498	YJL016W	0	2
2499	YJL019W	1	3
2500	YJL020C	0	17
2501	YJL023C	0	2
2502	YJL024C	0	84
2503	YJL025W	1	8
2504	YJL026W	1	92
2505	YJL029C	0	88
2506	YJL030W	0	87
2507	YJL031C	1	71
2508	YJL032W	1	0
2509	YJL033W	1	87
2510	YJL034W	1	83
2511	YJL035C	1	74
2512	YJL036W	0	67
2513	YJL039C	1	39
2514	YJL041W	1	64
2515	YJL042W	0	7
2516	YJL043W	0	0
2517	YJL044C	0	10
2518	YJL045W	0	13
2519	YJL047C	0	2
2520	YJL048C	0	22
2521	YJL050W	1	91
2522	YJL052W	0	46
2523	YJL053W	0	91
2524	YJL054W	1	19
2525	YJL055W	0	26
2526	YJL056C	0	47
2527	YJL057C	0	14
2528	YJL058C	0	4
2529	YJL059W	0	70
2530	YJL060W	0	89
2531	YJL061W	1	9
2532	YJL062W	0	57
2533	YJL063C	0	54
2534	YJL064W	0	0
2535	YJL065C	0	11
2536	YJL066C	0	4
2537	YJL067W	0	0
2538	YJL068C	0	78
2539	YJL069C	1	87
2540	YJL070C	0	2
2541	YJL071W	0	18
2542	YJL072C	1	75
2543	YJL074C	1	85
2544	YJL075C	0	0
2545	YJL076W	1	4
2546	YJL078C	0	4
2547	YJL079C	0	60
2548	YJL080C	0	72
2549	YJL081C	1	19
2550	YJL082W	0	32
2551	YJL083W	0	9
2552	YJL084C	0	13
2553	YJL085W	1	52
2554	YJL086C	1	0
2555	YJL087C	1	18
2556	YJL088W	0	66
2557	YJL089W	0	3
2558	YJL090C	1	12
2559	YJL091C	1	78
2560	YJL092W	0	38
2561	YJL093C	0	12
2562	YJL094C	0	21
2563	YJL095W	0	54
2564	YJL096W	0	33
2565	YJL097W	1	90
2566	YJL098W	0	44
2567	YJL099W	0	2
2568	YJL100W	0	66
2569	YJL102W	0	63
2570	YJL106W	0	45
2571	YJL107C	0	1
2572	YJL108C	0	7
2573	YJL109C	1	76
2574	YJL110C	0	10
2575	YJL111W	1	95
2576	YJL112W	0	34
2577	YJL114W	0	0
2578	YJL115W	0	96
2579	YJL117W	0	4
2580	YJL118W	0	0
2581	YJL120W	0	0
2582	YJL122W	0	4
2583	YJL123C	1	13
2584	YJL124C	0	74
2585	YJL125C	1	94
2586	YJL128C	0	45
2587	YJL129C	0	20
2588	YJL130C	0	81
2589	YJL131C	0	4
2590	YJL133W	0	66
2591	YJL134W	0	40
2592	YJL135W	0	0
2593	YJL137C	0	41
2594	YJL138C	0	93
2595	YJL139C	0	1
2596	YJL140W	0	31
2597	YJL141C	0	76
2598	YJL142C	0	0
2599	YJL143W	1	87
2600	YJL145W	0	20
2601	YJL146W	0	2
2602	YJL149W	0	2
2603	YJL151C	0	2
2604	YJL152W	0	0
2605	YJL153C	0	82
2606	YJL154C	0	90
2607	YJL155C	0	85
2608	YJL156C	1	6
2609	YJL157C	1	9
2610	YJL158C	0	2
2611	YJL159W	0	4
2612	YJL160C	0	0
2613	YJL162C	0	7
2614	YJL163C	0	30
2615	YJL164C	1	19
2616	YJL165C	0	9
2617	YJL166W	0	19
2618	YJL167W	1	85
2619	YJL168C	0	29
2620	YJL170C	0	1
2621	YJL172W	0	68
2622	YJL173C	1	2
2623	YJL174W	1	6
2624	YJL175W	0	0
2625	YJL176C	0	49
2626	YJL178C	0	5
2627	YJL179W	0	23
2628	YJL180C	0	72
2629	YJL181W	0	0
2630	YJL182C	0	0
2631	YJL183W	0	13
2632	YJL184W	1	4
2633	YJL185C	0	0
2634	YJL186W	0	5
2635	YJL187C	0	33
2636	YJL189W	0	75
2637	YJL190C	0	97
2638	YJL191W	0	94
2639	YJL192C	0	2
2640	YJL193W	0	35
2641	YJL194W	1	82
2642	YJL195C	1	0
2643	YJL196C	0	42
2644	YJL197W	0	94
2645	YJL198W	1	29
2646	YJL199C	0	0
2647	YJL200C	0	18
2648	YJL201W	0	22
2649	YJL202C	1	0
2650	YJL203W	1	24
2651	YJL204C	0	19
2652	YJL207C	0	29
2653	YJL208C	0	78
2654	YJL209W	0	1
2655	YJL210W	0	29
2656	YJL211C	0	0
2657	YJL212C	0	23
2658	YJL213W	0	3
2659	YJL214W	0	5
2660	YJL215C	0	0
2661	YJL218W	0	31
2662	YJL219W	0	0
2663	YJL222W	0	16
2664	YJL222W-A	0	0
2665	YJL222W-B	0	0
2666	YJL225C	0	0
2667	YJR001W	0	48
2668	YJR002W	1	85
2669	YJR003C	1	4
2670	YJR004C	0	3
2671	YJR005W	0	13
2672	YJR006W	1	89
2673	YJR007W	1	93
2674	YJR008W	0	90
2675	YJR009C	0	9
2676	YJR010C-A	0	30
2677	YJR010W	0	80
2678	YJR011C	0	0
2679	YJR012C	1	0
2680	YJR014W	0	81
2681	YJR015W	0	3
2682	YJR016C	1	33
2683	YJR017C	1	88
2684	YJR019C	0	50
2685	YJR020W	0	0
2686	YJR021C	0	1
2687	YJR022W	1	61
2688	YJR023C	1	0
2689	YJR024C	0	70
2690	YJR025C	0	43
2691	YJR027W	0	0
2692	YJR028W	0	0
2693	YJR029W	0	0
2694	YJR030C	0	2
2695	YJR031C	0	29
2696	YJR032W	0	12
2697	YJR033C	0	33
2698	YJR034W	0	39
2699	YJR035W	0	67
2700	YJR037W	0	0
2701	YJR038C	0	0
2702	YJR040W	0	91
2703	YJR041C	1	8
2704	YJR042W	1	7
2705	YJR043C	0	2
2706	YJR044C	0	74
2707	YJR045C	1	93
2708	YJR047C	0	51
2709	YJR048W	0	73
2710	YJR049C	1	41
2711	YJR050W	0	65
2712	YJR051W	0	14
2713	YJR052W	0	58
2714	YJR053W	0	7
2715	YJR054W	0	14
2716	YJR055W	0	19
2717	YJR056C	0	4
2718	YJR057W	1	89
2719	YJR058C	0	83
2720	YJR059W	0	6
2721	YJR060W	0	16
2722	YJR061W	0	1
2723	YJR062C	0	16
2724	YJR063W	0	78
2725	YJR064W	1	97
2726	YJR065C	1	86
2727	YJR066W	0	28
2728	YJR067C	1	12
2729	YJR068W	1	96
2730	YJR069C	0	93
2731	YJR070C	0	93
2732	YJR072C	1	92
2733	YJR073C	0	45
2734	YJR074W	0	50
2735	YJR075W	0	11
2736	YJR076C	1	19
2737	YJR077C	0	18
2738	YJR079W	0	0
2739	YJR080C	0	8
2740	YJR082C	0	7
2741	YJR083C	0	2
2742	YJR084W	0	88
2743	YJR086W	0	11
2744	YJR087W	0	0
2745	YJR089W	1	13
2746	YJR090C	0	18
2747	YJR091C	0	18
2748	YJR092W	0	13
2749	YJR093C	1	49
2750	YJR094C	0	2
2751	YJR095W	1	29
2752	YJR097W	0	42
2753	YJR098C	0	10
2754	YJR099W	0	95
2755	YJR100C	0	62
2756	YJR101W	0	14
2757	YJR102C	0	75
2758	YJR103W	0	25
2759	YJR104C	0	81
2760	YJR105W	0	88
2761	YJR106W	0	23
2762	YJR108W	0	0
2763	YJR109C	0	28
2764	YJR110W	0	89
2765	YJR112W	1	11
2766	YJR113C	0	39
2767	YJR115W	0	1
2768	YJR116W	0	45
2769	YJR117W	0	90
2770	YJR119C	0	40
2771	YJR120W	0	0
2772	YJR121W	0	95
2773	YJR122W	0	61
2774	YJR123W	1	95
2775	YJR124C	0	19
2776	YJR125C	0	68
2777	YJR126C	0	61
2778	YJR127C	0	4
2779	YJR130C	0	20
2780	YJR131W	0	86
2781	YJR132W	0	81
2782	YJR133W	0	16
2783	YJR134C	0	31
2784	YJR135C	1	2
2785	YJR135W-A	0	73
2786	YJR136C	1	2
2787	YJR138W	0	65
2788	YJR139C	0	32
2789	YJR140C	0	15
2790	YJR141W	1	22
2791	YJR143C	0	38
2792	YJR144W	0	21
2793	YJR146W	0	0
2794	YJR148W	0	68
2795	YJR149W	0	21
2796	YJR152W	0	33
2797	YJR154W	0	4
2798	YJR157W	0	0
2799	YJR158W	0	0
2800	YJR159W	0	45
2801	YJR161C	0	0
2802	YJR162C	0	0
2803	YKL001C	0	28
2804	YKL002W	0	96
2805	YKL003C	0	27
2806	YKL004W	1	19
2807	YKL006C-A	1	16
2808	YKL007W	0	84
2809	YKL008C	0	46
2810	YKL009W	0	95
2811	YKL010C	0	80
2812	YKL011C	0	9
2813	YKL012W	1	81
2814	YKL013C	1	79
2815	YKL014C	1	23
2816	YKL015W	0	6
2817	YKL016C	0	53
2818	YKL017C	0	86
2819	YKL018W	1	84
2820	YKL019W	1	89
2821	YKL020C	0	9
2822	YKL021C	1	77
2823	YKL022C	1	67
2824	YKL023W	0	0
2825	YKL024C	1	95
2826	YKL025C	0	75
2827	YKL026C	0	4
2828	YKL028W	1	84
2829	YKL029C	0	90
2830	YKL033W	1	41
2831	YKL034W	0	24
2832	YKL035W	1	91
2833	YKL036C	1	0
2834	YKL038W	0	5
2835	YKL039W	0	61
2836	YKL040C	0	84
2837	YKL042W	1	2
2838	YKL043W	0	4
2839	YKL044W	0	0
2840	YKL045W	1	88
2841	YKL047W	0	34
2842	YKL048C	0	6
2843	YKL049C	1	14
2844	YKL050C	0	2
2845	YKL051W	0	14
2846	YKL052C	1	9
2847	YKL054C	0	13
2848	YKL055C	0	22
2849	YKL056C	0	90
2850	YKL057C	0	6
2851	YKL058W	1	78
2852	YKL059C	1	46
2853	YKL060C	1	28
2854	YKL061W	0	1
2855	YKL062W	0	27
2856	YKL063C	0	2
2857	YKL064W	0	20
2858	YKL065C	0	6
2859	YKL067W	0	98
2860	YKL068W	0	19
2861	YKL069W	0	23
2862	YKL070W	0	8
2863	YKL072W	0	8
2864	YKL073W	0	22
2865	YKL074C	0	19
2866	YKL075C	0	2
2867	YKL076C	0	0
2868	YKL077W	0	5
2869	YKL078W	1	10
2870	YKL079W	0	7
2871	YKL080W	0	94
2872	YKL081W	0	61
2873	YKL082C	1	57
2874	YKL084W	0	6
2875	YKL085W	0	95
2876	YKL086W	0	48
2877	YKL087C	0	29
2878	YKL088W	1	7
2879	YKL089W	1	23
2880	YKL090W	0	10
2881	YKL092C	0	19
2882	YKL093W	0	0
2883	YKL095W	1	91
2884	YKL098W	0	3
2885	YKL099C	1	91
2886	YKL101W	1	34
2887	YKL102C	0	0
2888	YKL103C	0	12
2889	YKL104C	1	95
2890	YKL105C	0	0
2891	YKL106W	0	4
2892	YKL107W	0	9
2893	YKL108W	1	11
2894	YKL109W	0	1
2895	YKL110C	0	73
2896	YKL111C	1	0
2897	YKL112W	1	1
2898	YKL113C	0	95
2899	YKL114C	0	37
2900	YKL116C	0	12
2901	YKL117W	0	83
2902	YKL119C	0	4
2903	YKL120W	0	72
2904	YKL122C	1	4
2905	YKL124W	0	17
2906	YKL125W	1	77
2907	YKL126W	0	42
2908	YKL127W	0	1
2909	YKL129C	0	7
2910	YKL130C	0	2
2911	YKL133C	0	1
2912	YKL134C	0	88
2913	YKL135C	0	95
2914	YKL137W	0	6
2915	YKL138C	0	16
2916	YKL139W	1	79
2917	YKL140W	0	78
2918	YKL141W	1	39
2919	YKL142W	0	5
2920	YKL143W	0	35
2921	YKL144C	1	90
2922	YKL145W	1	89
2923	YKL146W	0	42
2924	YKL147C	0	0
2925	YKL148C	0	83
2926	YKL149C	0	84
2927	YKL150W	0	30
2928	YKL152C	1	76
2929	YKL153W	1	0
2930	YKL154W	1	72
2931	YKL155C	0	49
2932	YKL157W	0	45
2933	YKL159C	0	2
2934	YKL160W	0	75
2935	YKL161C	0	1
2936	YKL163W	0	0
2937	YKL164C	0	4
2938	YKL165C	1	74
2939	YKL166C	1	16
2940	YKL167C	0	8
2941	YKL168C	0	9
2942	YKL170W	0	29
2943	YKL171W	0	14
2944	YKL172W	1	66
2945	YKL173W	1	13
2946	YKL174C	0	13
2947	YKL175W	0	24
2948	YKL176C	0	4
2949	YKL177W	0	0
2950	YKL178C	0	16
2951	YKL179C	0	46
2952	YKL180W	1	82
2953	YKL181W	0	17
2954	YKL182W	1	20
2955	YKL183W	0	4
2956	YKL185W	0	5
2957	YKL186C	1	5
2958	YKL188C	0	26
2959	YKL189W	1	81
2960	YKL190W	0	91
2961	YKL191W	0	80
2962	YKL192C	1	77
2963	YKL193C	1	94
2964	YKL194C	0	14
2965	YKL195W	1	7
2966	YKL196C	1	95
2967	YKL197C	0	61
2968	YKL198C	0	5
2969	YKL201C	0	4
2970	YKL202W	0	0
2971	YKL203C	1	63
2972	YKL204W	0	2
2973	YKL205W	1	63
2974	YKL206C	0	19
2975	YKL208W	0	1
2976	YKL209C	0	90
2977	YKL210W	1	95
2978	YKL211C	0	24
2979	YKL212W	0	91
2980	YKL213C	0	86
2981	YKL214C	0	2
2982	YKL215C	0	82
2983	YKL216W	0	85
2984	YKL217W	0	26
2985	YKL218C	0	71
2986	YKL219W	0	0
2987	YKL220C	0	14
2988	YKL221W	0	56
2989	YKL222C	0	2
2990	YKL224C	0	0
2991	YKR001C	0	39
2992	YKR002W	1	92
2993	YKR005C	0	0
2994	YKR006C	0	4
2995	YKR007W	0	2
2996	YKR008W	1	5
2997	YKR009C	0	70
2998	YKR010C	0	0
2999	YKR011C	0	2
3000	YKR014C	0	7
3001	YKR016W	0	23
3002	YKR017C	0	91
3003	YKR018C	0	54
3004	YKR020W	0	3
3005	YKR021W	0	6
3006	YKR022C	1	0
3007	YKR023W	0	24
3008	YKR024C	0	79
3009	YKR025W	1	12
3010	YKR026C	0	94
3011	YKR027W	0	1
3012	YKR028W	0	29
3013	YKR029C	0	22
3014	YKR030W	0	78
3015	YKR031C	0	73
3016	YKR032W	0	0
3017	YKR034W	0	8
3018	YKR035C	0	0
3019	YKR036C	0	12
3020	YKR037C	1	3
3021	YKR038C	1	91
3022	YKR039W	0	19
3023	YKR040C	0	0
3024	YKR043C	0	14
3025	YKR044W	0	29
3026	YKR046C	0	2
3027	YKR048C	0	93
3028	YKR049C	0	2
3029	YKR050W	0	6
3030	YKR051W	0	87
3031	YKR052C	0	34
3032	YKR053C	0	30
3033	YKR054C	0	87
3034	YKR055W	0	4
3035	YKR058W	0	41
3036	YKR060W	0	18
3037	YKR061W	0	4
3038	YKR062W	1	67
3039	YKR063C	1	44
3040	YKR064W	0	2
3041	YKR065C	0	21
3042	YKR066C	0	34
3043	YKR067W	0	7
3044	YKR068C	1	94
3045	YKR069W	0	21
3046	YKR070W	0	70
3047	YKR071C	1	33
3048	YKR072C	0	2
3049	YKR073C	0	0
3050	YKR074W	0	35
3051	YKR075C	1	2
3052	YKR077W	0	0
3053	YKR078W	0	0
3054	YKR079C	1	90
3055	YKR080W	0	84
3056	YKR081C	1	92
3057	YKR082W	0	20
3058	YKR083C	1	5
3059	YKR084C	0	17
3060	YKR085C	0	10
3061	YKR086W	1	79
3062	YKR087C	0	56
3063	YKR088C	0	38
3064	YKR089C	0	31
3065	YKR090W	0	33
3066	YKR091W	0	1
3067	YKR092C	0	32
3068	YKR093W	0	83
3069	YKR095W	0	50
3070	YKR095W-A	0	14
3071	YKR096W	0	4
3072	YKR099W	0	28
3073	YKR100C	0	4
3074	YKR101W	0	0
3075	YKR105C	0	21
3076	YKR106W	0	1
3077	YLL001W	0	86
3078	YLL002W	0	12
3079	YLL003W	1	5
3080	YLL004W	1	19
3081	YLL005C	0	6
3082	YLL006W	0	19
3083	YLL008W	1	88
3084	YLL009C	0	67
3085	YLL010C	0	48
3086	YLL011W	1	93
3087	YLL012W	0	10
3088	YLL013C	0	62
3089	YLL014W	0	8
3090	YLL015W	0	6
3091	YLL018C	1	97
3092	YLL019C	0	70
3093	YLL020C	0	0
3094	YLL021W	0	17
3095	YLL022C	0	1
3096	YLL023C	0	37
3097	YLL024C	0	10
3098	YLL026W	0	35
3099	YLL027W	0	22
3100	YLL028W	0	25
3101	YLL029W	0	94
3102	YLL030C	0	0
3103	YLL031C	1	79
3104	YLL032C	0	8
3105	YLL033W	0	2
3106	YLL034C	1	81
3107	YLL036C	1	60
3108	YLL037W	1	0
3109	YLL038C	0	9
3110	YLL040C	0	82
3111	YLL041C	0	89
3112	YLL042C	0	2
3113	YLL043W	0	9
3114	YLL046C	0	3
3115	YLL047W	0	0
3116	YLL048C	0	22
3117	YLL049W	0	0
3118	YLL050C	1	91
3119	YLL051C	0	12
3120	YLL054C	0	1
3121	YLL056C	0	18
3122	YLL059C	0	0
3123	YLL060C	0	63
3124	YLL061W	0	6
3125	YLL062C	0	52
3126	YLL065W	0	0
3127	YLL067W-A	0	0
3128	YLR001C	0	10
3129	YLR002C	1	86
3130	YLR003C	0	14
3131	YLR004C	0	17
3132	YLR005W	1	94
3133	YLR006C	0	5
3134	YLR007W	1	26
3135	YLR008C	1	21
3136	YLR009W	1	92
3137	YLR010C	1	0
3138	YLR011W	0	16
3139	YLR012C	0	0
3140	YLR014C	0	15
3141	YLR015W	0	21
3142	YLR016C	0	34
3143	YLR017W	0	73
3144	YLR018C	0	2
3145	YLR019W	0	35
3146	YLR021W	0	4
3147	YLR024C	0	30
3148	YLR025W	0	89
3149	YLR026C	1	91
3150	YLR027C	1	95
3151	YLR028C	0	20
3152	YLR030W	0	0
3153	YLR031W	0	0
3154	YLR032W	0	72
3155	YLR033W	1	5
3156	YLR034C	0	38
3157	YLR035C	0	3
3158	YLR036C	0	0
3159	YLR037C	0	0
3160	YLR038C	0	79
3161	YLR039C	0	7
3162	YLR040C	0	2
3163	YLR042C	0	0
3164	YLR044C	0	16
3165	YLR045C	1	35
3166	YLR046C	0	0
3167	YLR049C	0	1
3168	YLR050C	0	31
3169	YLR051C	1	54
3170	YLR052W	0	2
3171	YLR053C	0	0
3172	YLR054C	0	2
3173	YLR055C	0	19
3174	YLR056W	0	59
3175	YLR057W	0	11
3176	YLR058C	0	92
3177	YLR059C	1	79
3178	YLR060W	1	96
3179	YLR063W	0	13
3180	YLR064W	0	5
3181	YLR065C	0	25
3182	YLR066W	1	81
3183	YLR067C	0	10
3184	YLR068W	0	5
3185	YLR070C	0	29
3186	YLR071C	1	13
3187	YLR072W	0	7
3188	YLR073C	0	2
3189	YLR074C	0	73
3190	YLR075W	1	96
3191	YLR076C	1	0
3192	YLR077W	0	17
3193	YLR078C	1	22
3194	YLR079W	0	2
3195	YLR080W	0	15
3196	YLR081W	0	2
3197	YLR082C	0	0
3198	YLR083C	0	88
3199	YLR085C	0	43
3200	YLR086W	1	89
3201	YLR087C	0	19
3202	YLR088W	1	76
3203	YLR090W	0	4
3204	YLR092W	0	58
3205	YLR093C	0	12
3206	YLR094C	0	3
3207	YLR095C	0	4
3208	YLR096W	0	35
3209	YLR097C	1	58
3210	YLR098C	0	9
3211	YLR099C	0	53
3212	YLR100W	1	44
3213	YLR102C	0	1
3214	YLR103C	1	84
3215	YLR104W	0	12
3216	YLR105C	1	47
3217	YLR106C	1	71
3218	YLR108C	0	4
3219	YLR109W	0	68
3220	YLR110C	0	3
3221	YLR112W	0	0
3222	YLR113W	0	71
3223	YLR114C	0	68
3224	YLR115W	1	61
3225	YLR116W	1	88
3226	YLR117C	1	92
3227	YLR118C	0	90
3228	YLR119W	0	4
3229	YLR120C	0	9
3230	YLR121C	0	9
3231	YLR123C	0	0
3232	YLR124W	0	0
3233	YLR125W	0	0
3234	YLR126C	0	28
3235	YLR127C	1	78
3236	YLR128W	0	79
3237	YLR129W	1	93
3238	YLR130C	0	53
3239	YLR131C	0	27
3240	YLR132C	1	5
3241	YLR133W	0	74
3242	YLR134W	0	8
3243	YLR135W	0	4
3244	YLR136C	0	16
3245	YLR137W	0	13
3246	YLR138W	0	19
3247	YLR140W	1	0
3248	YLR141W	1	3
3249	YLR142W	0	46
3250	YLR143W	0	54
3251	YLR144C	0	12
3252	YLR145W	1	8
3253	YLR146C	0	7
3254	YLR147C	1	87
3255	YLR148W	0	89
3256	YLR149C	0	16
3257	YLR150W	0	15
3258	YLR151C	0	43
3259	YLR152C	0	10
3260	YLR153C	1	85
3261	YLR154C	0	0
3262	YLR158C	0	15
3263	YLR163C	1	95
3264	YLR164W	0	43
3265	YLR166C	1	79
3266	YLR167W	1	86
3267	YLR168C	0	78
3268	YLR170C	0	91
3269	YLR171W	0	0
3270	YLR172C	0	96
3271	YLR173W	0	4
3272	YLR174W	0	36
3273	YLR175W	1	93
3274	YLR176C	0	37
3275	YLR177W	0	10
3276	YLR178C	0	52
3277	YLR180W	0	71
3278	YLR181C	0	37
3279	YLR182W	1	13
3280	YLR183C	0	8
3281	YLR185W	0	87
3282	YLR186W	1	90
3283	YLR187W	0	13
3284	YLR189C	0	15
3285	YLR190W	0	1
3286	YLR191W	0	67
3287	YLR192C	0	11
3288	YLR193C	0	57
3289	YLR194C	0	2
3290	YLR196W	1	90
3291	YLR197W	1	89
3292	YLR198C	1	0
3293	YLR199C	0	2
3294	YLR200W	0	87
3295	YLR201C	0	56
3296	YLR202C	0	0
3297	YLR203C	0	20
3298	YLR204W	0	0
3299	YLR205C	0	36
3300	YLR206W	0	62
3301	YLR207W	0	75
3302	YLR208W	1	89
3303	YLR209C	0	68
3304	YLR210W	0	37
3305	YLR211C	0	2
3306	YLR212C	1	93
3307	YLR213C	0	7
3308	YLR214W	0	18
3309	YLR215C	1	67
3310	YLR216C	0	82
3311	YLR217W	0	0
3312	YLR218C	0	3
3313	YLR219W	0	2
3314	YLR220W	1	35
3315	YLR221C	0	7
3316	YLR222C	1	90
3317	YLR223C	1	3
3318	YLR224W	0	2
3319	YLR225C	0	0
3320	YLR226W	0	2
3321	YLR227C	0	2
3322	YLR228C	0	5
3323	YLR229C	1	88
3324	YLR231C	0	55
3325	YLR233C	0	0
3326	YLR234W	0	97
3327	YLR237W	0	3
3328	YLR238W	0	12
3329	YLR239C	0	70
3330	YLR240W	1	92
3331	YLR241W	0	60
3332	YLR242C	0	36
3333	YLR243W	1	94
3334	YLR245C	0	73
3335	YLR246W	0	75
3336	YLR247C	0	31
3337	YLR248W	0	17
3338	YLR249W	1	12
3339	YLR250W	0	14
3340	YLR251W	0	82
3341	YLR252W	0	0
3342	YLR253W	0	88
3343	YLR254C	0	0
3344	YLR255C	0	0
3345	YLR256W-A	0	0
3346	YLR257W	0	2
3347	YLR258W	0	2
3348	YLR259C	1	98
3349	YLR261C	0	0
3350	YLR262C	0	92
3351	YLR263W	0	2
3352	YLR264W	0	82
3353	YLR265C	0	1
3354	YLR266C	0	2
3355	YLR267W	0	1
3356	YLR268W	0	94
3357	YLR269C	0	0
3358	YLR270W	0	34
3359	YLR271W	0	60
3360	YLR273C	0	1
3361	YLR274W	1	94
3362	YLR275W	1	91
3363	YLR276C	1	93
3364	YLR277C	1	97
3365	YLR278C	0	6
3366	YLR281C	0	59
3367	YLR283W	0	10
3368	YLR284C	0	69
3369	YLR285W	0	57
3370	YLR287C	0	7
3371	YLR288C	0	4
3372	YLR289W	0	91
3373	YLR290C	0	23
3374	YLR291C	1	87
3375	YLR292C	0	9
3376	YLR293C	1	71
3377	YLR294C	0	0
3378	YLR295C	0	12
3379	YLR297W	0	0
3380	YLR298C	1	18
3381	YLR299W	0	82
3382	YLR300W	0	19
3383	YLR301W	0	2
3384	YLR303W	0	21
3385	YLR304C	0	91
3386	YLR305C	1	68
3387	YLR306W	0	75
3388	YLR308W	0	15
3389	YLR309C	0	19
3390	YLR310C	1	36
3391	YLR311C	1	0
3392	YLR312C	0	0
3393	YLR312W-A	0	8
3394	YLR313C	0	3
3395	YLR314C	1	73
3396	YLR315W	0	1
3397	YLR316C	1	67
3398	YLR317W	1	0
3399	YLR318W	0	38
3400	YLR319C	0	17
3401	YLR320W	0	2
3402	YLR321C	1	23
3403	YLR322W	0	0
3404	YLR323C	1	76
3405	YLR324W	0	13
3406	YLR325C	0	86
3407	YLR326W	0	13
3408	YLR327C	0	5
3409	YLR328W	0	32
3410	YLR329W	0	2
3411	YLR330W	0	20
3412	YLR331C	0	0
3413	YLR332W	0	2
3414	YLR333C	0	27
3415	YLR334C	0	0
3416	YLR335W	0	36
3417	YLR336C	1	72
3418	YLR337C	0	29
3419	YLR338W	0	0
3420	YLR339C	1	0
3421	YLR340W	1	95
3422	YLR342W	0	11
3423	YLR343W	0	3
3424	YLR344W	0	78
3425	YLR345W	0	16
3426	YLR346C	0	0
3427	YLR347C	1	93
3428	YLR348C	0	86
3429	YLR349W	0	0
3430	YLR350W	0	12
3431	YLR351C	0	83
3432	YLR352W	0	7
3433	YLR353W	0	2
3434	YLR354C	0	85
3435	YLR355C	1	30
3436	YLR356W	0	5
3437	YLR357W	0	24
3438	YLR358C	0	0
3439	YLR359W	1	89
3440	YLR361C	0	28
3441	YLR362W	0	29
3442	YLR363C	0	3
3443	YLR363W-A	0	5
3444	YLR365W	0	0
3445	YLR366W	0	0
3446	YLR368W	0	2
3447	YLR369W	0	2
3448	YLR370C	0	83
3449	YLR371W	1	39
3450	YLR372W	0	58
3451	YLR373C	0	0
3452	YLR374C	0	0
3453	YLR376C	0	2
3454	YLR377C	0	86
3455	YLR378C	1	95
3456	YLR379W	1	0
3457	YLR381W	0	4
3458	YLR383W	1	86
3459	YLR384C	0	79
3460	YLR385C	0	2
3461	YLR386W	0	84
3462	YLR387C	0	13
3463	YLR388W	0	77
3464	YLR389C	0	91
3465	YLR390W	0	1
3466	YLR390W-A	0	5
3467	YLR392C	0	4
3468	YLR393W	0	22
3469	YLR394W	0	5
3470	YLR395C	0	5
3471	YLR396C	0	86
3472	YLR397C	1	42
3473	YLR398C	0	82
3474	YLR399C	0	64
3475	YLR401C	0	81
3476	YLR403W	1	21
3477	YLR406C	0	89
3478	YLR409C	1	93
3479	YLR410W	0	85
3480	YLR410W-B	0	3
3481	YLR411W	0	13
3482	YLR412W	0	22
3483	YLR413W	0	1
3484	YLR415C	0	0
3485	YLR416C	0	0
3486	YLR417W	0	39
3487	YLR418C	0	63
3488	YLR420W	0	35
3489	YLR421C	0	8
3490	YLR422W	0	39
3491	YLR423C	0	9
3492	YLR424W	1	53
3493	YLR425W	0	5
3494	YLR426W	0	13
3495	YLR427W	0	82
3496	YLR428C	0	0
3497	YLR429W	0	87
3498	YLR430W	1	26
3499	YLR432W	0	38
3500	YLR433C	0	43
3501	YLR434C	0	0
3502	YLR435W	0	58
3503	YLR436C	0	4
3504	YLR437C	0	3
3505	YLR438C-A	1	84
3506	YLR438W	0	86
3507	YLR439W	0	8
3508	YLR440C	1	6
3509	YLR441C	0	45
3510	YLR442C	0	9
3511	YLR443W	0	4
3512	YLR446W	0	2
3513	YLR447C	0	96
3514	YLR448W	0	82
3515	YLR449W	0	17
3516	YLR450W	0	27
3517	YLR451W	0	13
3518	YLR452C	0	19
3519	YLR453C	0	0
3520	YLR454W	1	28
3521	YLR455W	0	9
3522	YLR456W	0	4
3523	YLR457C	1	2
3524	YLR459W	1	69
3525	YLR460C	0	2
3526	YLR461W	0	0
3527	YLR462W	0	0
3528	YLR465C	0	0
3529	YLR466W	0	0
3530	YML001W	0	94
3531	YML006C	0	1
3532	YML007W	0	13
3533	YML008C	0	40
3534	YML009C	0	14
3535	YML010W	1	88
3536	YML011C	0	3
3537	YML012W	0	86
3538	YML013W	0	7
3539	YML014W	0	64
3540	YML015C	1	19
3541	YML016C	0	28
3542	YML018C	0	62
3543	YML019W	0	7
3544	YML020W	0	16
3545	YML021C	0	79
3546	YML022W	0	82
3547	YML023C	1	2
3548	YML025C	1	37
3549	YML027W	0	46
3550	YML028W	0	87
3551	YML029W	0	2
3552	YML030W	0	18
3553	YML031W	1	6
3554	YML032C	0	29
3555	YML034W	0	21
3556	YML035C	0	87
3557	YML036W	0	58
3558	YML037C	0	1
3559	YML038C	0	81
3560	YML041C	0	8
3561	YML042W	0	72
3562	YML043C	1	4
3563	YML046W	1	19
3564	YML048W	0	5
3565	YML049C	1	89
3566	YML051W	0	12
3567	YML052W	0	6
3568	YML053C	0	0
3569	YML054C	0	86
3570	YML055W	0	18
3571	YML056C	0	57
3572	YML057W	0	48
3573	YML058W	0	1
3574	YML059C	0	71
3575	YML060W	0	72
3576	YML061C	0	55
3577	YML062C	0	2
3578	YML064C	1	30
3579	YML065W	1	51
3580	YML067C	0	43
3581	YML068W	1	60
3582	YML069W	1	94
3583	YML070W	0	18
3584	YML071C	0	13
3585	YML072C	0	29
3586	YML074C	0	46
3587	YML075C	0	44
3588	YML077W	1	78
3589	YML078W	0	7
3590	YML079W	0	13
3591	YML081C-A	0	15
3592	YML082W	0	2
3593	YML085C	1	98
3594	YML088W	0	6
3595	YML089C	0	0
3596	YML091C	1	4
3597	YML092C	1	92
3598	YML093W	1	84
3599	YML094C-A	0	0
3600	YML094W	0	89
3601	YML095C	0	34
3602	YML097C	0	59
3603	YML098W	1	66
3604	YML099C	0	10
3605	YML100W	0	5
3606	YML101C	0	0
3607	YML102W	0	89
3608	YML103C	0	17
3609	YML104C	0	70
3610	YML105C	1	15
3611	YML106W	0	34
3612	YML107C	0	2
3613	YML108W	0	2
3614	YML109W	0	8
3615	YML110C	0	93
3616	YML111W	0	0
3617	YML112W	0	3
3618	YML114C	1	9
3619	YML115C	0	7
3620	YML116W	0	3
3621	YML117W	0	5
3622	YML119W	0	2
3623	YML120C	0	6
3624	YML121W	0	81
3625	YML123C	0	67
3626	YML124C	0	0
3627	YML125C	1	15
3628	YML126C	1	86
3629	YML127W	1	12
3630	YML129C	0	2
3631	YML130C	1	86
3632	YML131W	0	69
3633	YML133C	0	0
3634	YMR001C	1	82
3635	YMR002W	0	69
3636	YMR003W	0	1
3637	YMR004W	0	47
3638	YMR005W	1	10
3639	YMR008C	0	23
3640	YMR009W	0	80
3641	YMR010W	0	54
3642	YMR011W	0	9
3643	YMR012W	0	76
3644	YMR013C	1	43
3645	YMR014W	0	14
3646	YMR017W	0	8
3647	YMR018W	0	6
3648	YMR019W	0	4
3649	YMR020W	0	84
3650	YMR021C	0	8
3651	YMR022W	0	94
3652	YMR023C	0	80
3653	YMR024W	0	48
3654	YMR025W	0	1
3655	YMR026C	0	73
3656	YMR028W	1	81
3657	YMR029C	0	12
3658	YMR030W	0	0
3659	YMR031C	0	6
3660	YMR031W-A	0	0
3661	YMR032W	1	23
3662	YMR033W	1	13
3663	YMR035W	0	68
3664	YMR036C	0	41
3665	YMR038C	0	30
3666	YMR039C	0	7
3667	YMR041C	0	53
3668	YMR042W	0	8
3669	YMR043W	1	36
3670	YMR044W	0	6
3671	YMR045C	0	0
3672	YMR047C	1	38
3673	YMR048W	0	31
3674	YMR049C	1	93
3675	YMR052W	0	2
3676	YMR053C	0	9
3677	YMR054W	0	4
3678	YMR055C	0	28
3679	YMR056C	0	0
3680	YMR057C	0	0
3681	YMR058W	0	42
3682	YMR059W	1	8
3683	YMR061W	1	83
3684	YMR063W	0	8
3685	YMR064W	0	2
3686	YMR065W	0	7
3687	YMR066W	0	2
3688	YMR067C	0	33
3689	YMR068W	0	40
3690	YMR069W	0	11
3691	YMR071C	1	15
3692	YMR072W	0	45
3693	YMR074C	0	51
3694	YMR075C-A	0	0
3695	YMR075W	0	15
3696	YMR076C	1	77
3697	YMR077C	0	78
3698	YMR078C	0	78
3699	YMR079W	1	76
3700	YMR080C	0	85
3701	YMR083W	0	22
3702	YMR086W	0	3
3703	YMR087W	0	5
3704	YMR088C	0	28
3705	YMR089C	0	76
3706	YMR090W	0	22
3707	YMR091C	0	14
3708	YMR092C	0	85
3709	YMR093W	1	91
3710	YMR094W	1	2
3711	YMR095C	0	28
3712	YMR096W	0	27
3713	YMR097C	0	71
3714	YMR100W	0	16
3715	YMR101C	0	7
3716	YMR102C	0	21
3717	YMR103C	0	0
3718	YMR104C	0	36
3719	YMR105C	0	92
3720	YMR106C	0	28
3721	YMR108W	1	34
3722	YMR109W	0	72
3723	YMR110C	0	86
3724	YMR111C	0	1
3725	YMR112C	1	3
3726	YMR114C	0	60
3727	YMR116C	0	93
3728	YMR117C	1	6
3729	YMR118C	0	35
3730	YMR119W	0	6
3731	YMR120C	0	67
3732	YMR123W	0	18
3733	YMR124W	0	3
3734	YMR125W	0	62
3735	YMR127C	0	25
3736	YMR128W	1	82
3737	YMR129W	0	19
3738	YMR131C	1	96
3739	YMR132C	0	83
3740	YMR133W	0	2
3741	YMR134W	1	2
3742	YMR135C	0	20
3743	YMR137C	0	79
3744	YMR138W	0	7
3745	YMR139W	0	90
3746	YMR140W	0	21
3747	YMR141C	0	0
3748	YMR142C	0	58
3749	YMR144W	0	2
3750	YMR145C	0	41
3751	YMR146C	1	95
3752	YMR147W	0	0
3753	YMR149W	1	12
3754	YMR150C	0	49
3755	YMR151W	0	0
3756	YMR152W	0	55
3757	YMR153W	0	4
3758	YMR154C	0	23
3759	YMR155W	0	27
3760	YMR156C	0	7
3761	YMR157C	0	5
3762	YMR158W	0	18
3763	YMR159C	0	3
3764	YMR160W	0	2
3765	YMR162C	0	14
3766	YMR163C	0	2
3767	YMR165C	0	83
3768	YMR167W	0	89
3769	YMR168C	1	3
3770	YMR171C	0	21
3771	YMR172W	0	4
3772	YMR173W	0	3
3773	YMR176W	0	39
3774	YMR177W	0	12
3775	YMR178W	0	29
3776	YMR179W	1	8
3777	YMR180C	0	3
3778	YMR181C	0	0
3779	YMR182C	0	13
3780	YMR183C	0	70
3781	YMR184W	0	2
3782	YMR186W	0	42
3783	YMR187C	0	2
3784	YMR188C	0	8
3785	YMR189W	0	83
3786	YMR190C	0	47
3787	YMR192W	0	14
3788	YMR193W	0	14
3789	YMR195W	0	0
3790	YMR196W	0	24
3791	YMR197C	1	81
3792	YMR198W	1	2
3793	YMR199W	0	6
3794	YMR200W	1	13
3795	YMR201C	0	57
3796	YMR202W	0	45
3797	YMR203W	1	84
3798	YMR204C	0	2
3799	YMR205C	0	58
3800	YMR206W	0	1
3801	YMR207C	0	2
3802	YMR209C	0	10
3803	YMR210W	0	79
3804	YMR211W	1	42
3805	YMR212C	1	23
3806	YMR213W	1	67
3807	YMR214W	0	16
3808	YMR215W	0	11
3809	YMR216C	0	95
3810	YMR218C	1	41
3811	YMR219W	0	0
3812	YMR221C	0	45
3813	YMR222C	0	13
3814	YMR223W	0	78
3815	YMR224C	0	91
3816	YMR225C	0	12
3817	YMR226C	0	94
3818	YMR227C	1	62
3819	YMR228W	0	14
3820	YMR229C	1	73
3821	YMR230W	0	38
3822	YMR231W	0	82
3823	YMR232W	0	4
3824	YMR233W	0	41
3825	YMR234W	0	50
3826	YMR235C	1	78
3827	YMR236W	1	66
3828	YMR237W	0	10
3829	YMR238W	0	5
3830	YMR239C	1	14
3831	YMR240C	1	62
3832	YMR241W	0	29
3833	YMR243C	0	83
3834	YMR244W	0	8
3835	YMR246W	0	36
3836	YMR247C	0	56
3837	YMR250W	0	30
3838	YMR251W	0	0
3839	YMR253C	0	29
3840	YMR255W	0	1
3841	YMR257C	0	3
3842	YMR258C	0	4
3843	YMR260C	1	95
3844	YMR261C	0	15
3845	YMR263W	0	6
3846	YMR264W	0	5
3847	YMR265C	0	6
3848	YMR266W	0	33
3849	YMR267W	0	5
3850	YMR268C	1	4
3851	YMR269W	0	40
3852	YMR270C	1	3
3853	YMR271C	0	1
3854	YMR273C	0	8
3855	YMR274C	0	57
3856	YMR275C	0	5
3857	YMR276W	1	84
3858	YMR277W	1	80
3859	YMR278W	0	80
3860	YMR279C	0	6
3861	YMR280C	0	9
3862	YMR282C	0	3
3863	YMR284W	0	61
3864	YMR285C	0	37
3865	YMR287C	0	9
3866	YMR288W	1	93
3867	YMR289W	0	13
3868	YMR290C	1	93
3869	YMR291W	0	5
3870	YMR292W	0	83
3871	YMR293C	0	85
3872	YMR294W	0	4
3873	YMR295C	0	10
3874	YMR296C	1	83
3875	YMR297W	0	37
3876	YMR298W	1	2
3877	YMR299C	0	2
3878	YMR300C	0	78
3879	YMR302C	0	21
3880	YMR303C	0	10
3881	YMR304W	0	76
3882	YMR305C	0	10
3883	YMR306W	0	8
3884	YMR307W	0	22
3885	YMR308C	1	92
3886	YMR309C	1	92
3887	YMR310C	0	39
3888	YMR311C	0	11
3889	YMR312W	0	4
3890	YMR313C	0	11
3891	YMR314W	1	95
3892	YMR315W	0	59
3893	YMR316W	0	1
3894	YMR317W	0	0
3895	YMR318C	0	28
3896	YMR319C	0	4
3897	YMR322C	0	0
3898	YMR323W	0	1
3899	YNL001W	0	93
3900	YNL002C	1	4
3901	YNL003C	0	86
3902	YNL004W	0	41
3903	YNL005C	0	11
3904	YNL006W	1	86
3905	YNL007C	1	92
3906	YNL008C	0	6
3907	YNL009W	0	0
3908	YNL011C	0	25
3909	YNL012W	0	18
3910	YNL013C	0	0
3911	YNL014W	0	14
3912	YNL015W	0	7
3913	YNL016W	0	66
3914	YNL018C	0	0
3915	YNL019C	0	0
3916	YNL020C	1	27
3917	YNL021W	0	50
3918	YNL023C	0	75
3919	YNL024C	0	68
3920	YNL025C	0	86
3921	YNL027W	0	51
3922	YNL028W	1	0
3923	YNL029C	0	11
3924	YNL030W	0	96
3925	YNL032W	0	23
3926	YNL034W	0	0
3927	YNL035C	0	60
3928	YNL036W	1	36
3929	YNL037C	0	78
3930	YNL038W	1	4
3931	YNL039W	1	39
3932	YNL040W	0	60
3933	YNL041C	0	57
3934	YNL042W	0	4
3935	YNL044W	1	56
3936	YNL045W	0	81
3937	YNL046W	0	0
3938	YNL047C	0	5
3939	YNL048W	1	87
3940	YNL049C	0	7
3941	YNL050C	0	4
3942	YNL051W	0	12
3943	YNL052W	0	12
3944	YNL053W	0	41
3945	YNL054W	0	12
3946	YNL055C	0	80
3947	YNL056W	0	7
3948	YNL058C	0	5
3949	YNL061W	1	95
3950	YNL062C	1	84
3951	YNL063W	0	40
3952	YNL064C	0	98
3953	YNL065W	0	9
3954	YNL066W	0	5
3955	YNL068C	0	40
3956	YNL070W	0	13
3957	YNL071W	0	89
3958	YNL072W	0	88
3959	YNL073W	0	5
3960	YNL074C	0	0
3961	YNL075W	1	93
3962	YNL076W	0	2
3963	YNL077W	0	2
3964	YNL078W	0	2
3965	YNL079C	0	5
3966	YNL081C	0	26
3967	YNL082W	0	91
3968	YNL084C	0	17
3969	YNL085W	0	23
3970	YNL086W	0	3
3971	YNL087W	0	43
3972	YNL088W	1	96
3973	YNL090W	0	13
3974	YNL091W	0	10
3975	YNL092W	0	84
3976	YNL093W	0	2
3977	YNL094W	0	7
3978	YNL095C	0	4
3979	YNL096C	0	31
3980	YNL097C	0	56
3981	YNL098C	0	31
3982	YNL099C	0	15
3983	YNL100W	0	2
3984	YNL101W	0	61
3985	YNL102W	1	91
3986	YNL103W	1	4
3987	YNL104C	0	18
3988	YNL105W	0	0
3989	YNL106C	0	62
3990	YNL107W	0	84
3991	YNL109W	0	0
3992	YNL110C	1	70
3993	YNL112W	1	97
3994	YNL113W	1	73
3995	YNL116W	0	20
3996	YNL118C	1	40
3997	YNL119W	0	40
3998	YNL121C	0	64
3999	YNL122C	0	5
4000	YNL124W	1	55
4001	YNL125C	0	41
4002	YNL126W	1	53
4003	YNL127W	0	48
4004	YNL128W	0	30
4005	YNL129W	0	53
4006	YNL130C	0	50
4007	YNL131W	1	18
4008	YNL132W	1	94
4009	YNL133C	0	2
4010	YNL134C	0	21
4011	YNL135C	0	75
4012	YNL136W	0	43
4013	YNL137C	1	21
4014	YNL138W	1	79
4015	YNL138W-A	1	13
4016	YNL139C	0	81
4017	YNL140C	0	0
4018	YNL141W	0	79
4019	YNL142W	0	72
4020	YNL144C	0	2
4021	YNL145W	0	1
4022	YNL146W	0	0
4023	YNL147W	1	78
4024	YNL148C	0	74
4025	YNL151C	1	10
4026	YNL152W	1	16
4027	YNL153C	0	78
4028	YNL154C	0	57
4029	YNL155W	0	47
4030	YNL157W	0	1
4031	YNL158W	1	2
4032	YNL159C	0	2
4033	YNL160W	0	1
4034	YNL161W	1	89
4035	YNL163C	1	70
4036	YNL164C	0	4
4037	YNL165W	0	2
4038	YNL166C	0	3
4039	YNL167C	0	35
4040	YNL169C	0	87
4041	YNL171C	0	0
4042	YNL172W	1	53
4043	YNL173C	0	4
4044	YNL175C	0	24
4045	YNL176C	0	2
4046	YNL178W	1	97
4047	YNL180C	0	2
4048	YNL181W	1	40
4049	YNL182C	1	53
4050	YNL183C	0	15
4051	YNL185C	0	83
4052	YNL186W	0	21
4053	YNL187W	0	10
4054	YNL188W	1	0
4055	YNL189W	1	97
4056	YNL190W	0	4
4057	YNL191W	0	18
4058	YNL192W	0	20
4059	YNL193W	0	8
4060	YNL194C	0	2
4061	YNL196C	0	0
4062	YNL197C	1	12
4063	YNL199C	0	2
4064	YNL201C	0	74
4065	YNL202W	0	93
4066	YNL204C	0	4
4067	YNL205C	0	0
4068	YNL206C	0	12
4069	YNL207W	1	97
4070	YNL208W	0	2
4071	YNL210W	0	1
4072	YNL211C	0	4
4073	YNL212W	0	30
4074	YNL213C	0	5
4075	YNL214W	0	2
4076	YNL215W	0	13
4077	YNL216W	1	5
4078	YNL217W	0	26
4079	YNL218W	0	58
4080	YNL219C	0	81
4081	YNL220W	0	92
4082	YNL221C	1	62
4083	YNL222W	1	82
4084	YNL223W	0	71
4085	YNL224C	0	27
4086	YNL225C	1	2
4087	YNL226W	0	0
4088	YNL227C	0	89
4089	YNL228W	0	0
4090	YNL229C	0	53
4091	YNL230C	0	11
4092	YNL231C	0	25
4093	YNL232W	1	43
4094	YNL233W	0	22
4095	YNL234W	0	3
4096	YNL235C	0	0
4097	YNL236W	0	7
4098	YNL237W	0	15
4099	YNL238W	0	77
4100	YNL239W	0	56
4101	YNL241C	1	92
4102	YNL242W	0	24
4103	YNL243W	1	66
4104	YNL244C	1	90
4105	YNL245C	1	6
4106	YNL246W	1	20
4107	YNL248C	0	49
4108	YNL250W	0	85
4109	YNL251C	1	38
4110	YNL252C	0	53
4111	YNL253W	0	45
4112	YNL255C	0	80
4113	YNL257C	0	16
4114	YNL258C	1	5
4115	YNL259C	0	59
4116	YNL260C	1	20
4117	YNL261W	1	57
4118	YNL262W	1	91
4119	YNL263C	1	85
4120	YNL264C	0	13
4121	YNL265C	0	74
4122	YNL266W	0	0
4123	YNL267W	1	76
4124	YNL271C	0	74
4125	YNL272C	1	18
4126	YNL273W	0	51
4127	YNL275W	0	74
4128	YNL276C	0	0
4129	YNL277W	0	29
4130	YNL277W-A	0	0
4131	YNL278W	0	4
4132	YNL279W	0	18
4133	YNL280C	0	81
4134	YNL281W	0	4
4135	YNL282W	1	4
4136	YNL284C	0	77
4137	YNL284C-B	0	1
4138	YNL285W	0	0
4139	YNL286W	0	63
4140	YNL287W	1	95
4141	YNL288W	0	91
4142	YNL289W	0	19
4143	YNL290W	1	90
4144	YNL291C	0	16
4145	YNL292W	0	46
4146	YNL293W	0	49
4147	YNL295W	0	2
4148	YNL298W	0	32
4149	YNL300W	0	1
4150	YNL301C	0	95
4151	YNL304W	0	2
4152	YNL306W	1	10
4153	YNL307C	0	4
4154	YNL308C	1	66
4155	YNL309W	0	2
4156	YNL311C	0	3
4157	YNL312W	1	75
4158	YNL313C	1	83
4159	YNL314W	0	2
4160	YNL315C	0	56
4161	YNL316C	0	28
4162	YNL317W	1	64
4163	YNL318C	0	7
4164	YNL319W	0	0
4165	YNL320W	0	95
4166	YNL321W	0	31
4167	YNL323W	0	7
4168	YNL324W	0	0
4169	YNL326C	0	82
4170	YNL327W	0	2
4171	YNL328C	0	40
4172	YNL329C	0	63
4173	YNL330C	0	97
4174	YNL331C	0	27
4175	YNL333W	0	16
4176	YNL334C	0	4
4177	YNL336W	0	0
4178	YNL339C	0	0
4179	YNR001C	0	86
4180	YNR002C	0	8
4181	YNR003C	1	77
4182	YNR004W	0	0
4183	YNR005C	0	0
4184	YNR006W	0	58
4185	YNR007C	0	94
4186	YNR008W	0	70
4187	YNR009W	0	1
4188	YNR010W	0	2
4189	YNR011C	1	6
4190	YNR012W	0	78
4191	YNR013C	0	47
4192	YNR015W	0	81
4193	YNR016C	1	83
4194	YNR017W	1	65
4195	YNR018W	0	17
4196	YNR019W	0	57
4197	YNR022C	0	2
4198	YNR023W	0	52
4199	YNR024W	0	1
4200	YNR025C	0	0
4201	YNR026C	1	11
4202	YNR027W	0	25
4203	YNR028W	0	0
4204	YNR029C	0	67
4205	YNR030W	0	73
4206	YNR031C	0	40
4207	YNR032W	0	19
4208	YNR033W	0	32
4209	YNR034W	0	20
4210	YNR035C	1	81
4211	YNR036C	0	75
4212	YNR037C	0	26
4213	YNR039C	0	12
4214	YNR040W	0	4
4215	YNR041C	0	86
4216	YNR042W	0	0
4217	YNR043W	1	82
4218	YNR045W	0	2
4219	YNR046W	1	87
4220	YNR047W	0	44
4221	YNR048W	0	11
4222	YNR049C	0	2
4223	YNR050C	0	26
4224	YNR051C	0	38
4225	YNR052C	1	88
4226	YNR053C	1	94
4227	YNR054C	1	84
4228	YNR055C	0	15
4229	YNR056C	0	1
4230	YNR058W	0	14
4231	YNR059W	0	5
4232	YNR060W	0	9
4233	YNR061C	0	1
4234	YNR063W	0	1
4235	YNR064C	0	59
4236	YNR065C	0	18
4237	YNR066C	0	1
4238	YNR067C	0	17
4239	YNR068C	0	0
4240	YNR069C	0	0
4241	YNR070W	0	6
4242	YNR071C	0	30
4243	YNR072W	0	0
4244	YNR074C	0	51
4245	YNR075W	0	0
4246	YOL001W	0	4
4247	YOL002C	0	76
4248	YOL003C	0	45
4249	YOL004W	0	81
4250	YOL005C	1	90
4251	YOL006C	0	92
4252	YOL008W	0	69
4253	YOL009C	0	17
4254	YOL010W	1	95
4255	YOL011W	0	12
4256	YOL012C	0	86
4257	YOL013C	0	61
4258	YOL014W	0	0
4259	YOL015W	0	0
4260	YOL016C	0	41
4261	YOL017W	0	0
4262	YOL018C	0	83
4263	YOL019W	0	12
4264	YOL020W	0	5
4265	YOL021C	1	98
4266	YOL022C	1	84
4267	YOL024W	0	0
4268	YOL028C	0	0
4269	YOL030W	0	15
4270	YOL031C	0	25
4271	YOL032W	0	46
4272	YOL033W	0	83
4273	YOL034W	1	82
4274	YOL035C	0	0
4275	YOL036W	0	2
4276	YOL038W	1	97
4277	YOL039W	0	11
4278	YOL041C	0	78
4279	YOL042W	0	22
4280	YOL043C	0	53
4281	YOL044W	0	2
4282	YOL045W	0	20
4283	YOL046C	0	0
4284	YOL050C	0	0
4285	YOL051W	0	6
4286	YOL052C	0	83
4287	YOL054W	0	44
4288	YOL055C	0	16
4289	YOL056W	0	2
4290	YOL058W	0	71
4291	YOL059W	0	13
4292	YOL061W	0	18
4293	YOL062C	0	18
4294	YOL063C	0	5
4295	YOL064C	0	34
4296	YOL065C	0	41
4297	YOL066C	1	51
4298	YOL067C	0	2
4299	YOL068C	0	34
4300	YOL069W	1	50
4301	YOL070C	0	4
4302	YOL072W	0	9
4303	YOL073C	0	15
4304	YOL075C	0	50
4305	YOL077C	1	97
4306	YOL078W	1	16
4307	YOL080C	0	78
4308	YOL081W	0	28
4309	YOL082W	0	0
4310	YOL083W	0	0
4311	YOL085C	0	0
4312	YOL086C	0	5
4313	YOL087C	0	71
4314	YOL088C	0	6
4315	YOL089C	0	7
4316	YOL090W	0	89
4317	YOL091W	0	0
4318	YOL093W	0	96
4319	YOL094C	1	97
4320	YOL095C	0	14
4321	YOL097C	1	93
4322	YOL098C	0	49
4323	YOL099C	0	0
4324	YOL100W	1	28
4325	YOL101C	0	0
4326	YOL102C	1	63
4327	YOL103W	0	50
4328	YOL103W-B	0	2
4329	YOL104C	0	2
4330	YOL105C	0	3
4331	YOL106W	0	0
4332	YOL107W	0	71
4333	YOL108C	0	6
4334	YOL109W	0	0
4335	YOL110W	0	5
4336	YOL111C	0	13
4337	YOL112W	0	61
4338	YOL113W	0	6
4339	YOL115W	0	64
4340	YOL116W	0	3
4341	YOL117W	0	2
4342	YOL118C	0	0
4343	YOL122C	0	41
4344	YOL123W	1	86
4345	YOL124C	0	93
4346	YOL126C	0	4
4347	YOL127W	1	87
4348	YOL128C	0	0
4349	YOL129W	0	29
4350	YOL130W	1	9
4351	YOL131W	0	0
4352	YOL132W	0	6
4353	YOL133W	1	95
4354	YOL135C	1	65
4355	YOL136C	0	3
4356	YOL137W	0	19
4357	YOL138C	0	53
4358	YOL139C	1	98
4359	YOL140W	0	37
4360	YOL142W	1	85
4361	YOL143C	0	31
4362	YOL144W	1	12
4363	YOL145C	0	85
4364	YOL146W	1	60
4365	YOL147C	0	53
4366	YOL148C	0	10
4367	YOL149W	1	6
4368	YOL150C	0	0
4369	YOL151W	0	14
4370	YOL152W	0	20
4371	YOL154W	0	10
4372	YOL156W	0	0
4373	YOL159C	0	0
4374	YOR001W	0	75
4375	YOR003W	0	12
4376	YOR004W	1	80
4377	YOR005C	0	67
4378	YOR006C	0	89
4379	YOR007C	0	77
4380	YOR008C	0	6
4381	YOR009W	0	0
4382	YOR010C	0	0
4383	YOR011W	0	3
4384	YOR013W	0	0
4385	YOR014W	0	91
4386	YOR016C	0	11
4387	YOR017W	0	9
4388	YOR018W	0	11
4389	YOR020C	1	88
4390	YOR023C	0	4
4391	YOR025W	0	23
4392	YOR026W	0	4
4393	YOR027W	0	95
4394	YOR028C	0	0
4395	YOR029W	0	0
4396	YOR031W	0	0
4397	YOR032C	0	13
4398	YOR033C	0	48
4399	YOR034C	0	17
4400	YOR035C	0	32
4401	YOR036W	1	78
4402	YOR037W	0	8
4403	YOR038C	0	22
4404	YOR039W	0	90
4405	YOR040W	0	9
4406	YOR042W	0	11
4407	YOR043W	0	13
4408	YOR045W	0	4
4409	YOR046C	1	83
4410	YOR047C	0	1
4411	YOR048C	1	76
4412	YOR049C	0	16
4413	YOR050C	0	0
4414	YOR051C	0	6
4415	YOR053W	0	0
4416	YOR054C	0	7
4417	YOR056C	1	83
4418	YOR057W	1	82
4419	YOR058C	0	21
4420	YOR059C	0	19
4421	YOR060C	1	2
4422	YOR061W	0	30
4423	YOR062C	0	0
4424	YOR063W	1	94
4425	YOR064C	0	24
4426	YOR065W	0	86
4427	YOR066W	0	2
4428	YOR067C	0	78
4429	YOR068C	0	0
4430	YOR069W	0	79
4431	YOR070C	0	83
4432	YOR071C	0	2
4433	YOR072W	0	0
4434	YOR073W	0	11
4435	YOR074C	1	88
4436	YOR075W	1	22
4437	YOR076C	1	1
4438	YOR078W	0	2
4439	YOR079C	0	57
4440	YOR080W	0	12
4441	YOR081C	0	9
4442	YOR082C	0	0
4443	YOR083W	0	1
4444	YOR084W	0	10
4445	YOR085W	0	74
4446	YOR086C	0	22
4447	YOR087W	0	22
4448	YOR089C	0	91
4449	YOR090C	0	81
4450	YOR092W	0	8
4451	YOR093C	0	67
4452	YOR095C	1	87
4453	YOR096W	0	74
4454	YOR097C	0	1
4455	YOR098C	1	3
4456	YOR099W	0	17
4457	YOR100C	0	73
4458	YOR101W	0	66
4459	YOR102W	1	0
4460	YOR103C	1	83
4461	YOR104W	0	6
4462	YOR106W	1	11
4463	YOR107W	0	8
4464	YOR108W	0	1
4465	YOR109W	0	16
4466	YOR110W	1	7
4467	YOR111W	0	70
4468	YOR112W	0	89
4469	YOR113W	0	59
4470	YOR114W	0	2
4471	YOR115C	0	28
4472	YOR116C	1	90
4473	YOR117W	1	94
4474	YOR118W	0	16
4475	YOR119C	1	94
4476	YOR120W	0	61
4477	YOR121C	0	0
4478	YOR122C	1	78
4479	YOR123C	0	73
4480	YOR124C	0	15
4481	YOR125C	0	71
4482	YOR127W	0	17
4483	YOR128C	0	38
4484	YOR129C	0	11
4485	YOR130C	0	40
4486	YOR131C	0	25
4487	YOR132W	0	16
4488	YOR133W	0	98
4489	YOR134W	0	23
4490	YOR136W	0	81
4491	YOR138C	0	5
4492	YOR140W	0	18
4493	YOR141C	0	64
4494	YOR142W	0	93
4495	YOR142W-A	0	0
4496	YOR143C	1	71
4497	YOR144C	0	10
4498	YOR145C	1	94
4499	YOR146W	1	0
4500	YOR147W	0	3
4501	YOR148C	1	6
4502	YOR150W	0	84
4503	YOR151C	1	90
4504	YOR153W	0	23
4505	YOR154W	0	43
4506	YOR155C	0	22
4507	YOR156C	0	34
4508	YOR157C	1	96
4509	YOR158W	0	6
4510	YOR159C	1	79
4511	YOR160W	1	77
4512	YOR161C	0	72
4513	YOR162C	0	2
4514	YOR164C	0	64
4515	YOR165W	0	39
4516	YOR167C	0	75
4517	YOR171C	0	31
4518	YOR172W	0	3
4519	YOR173W	0	41
4520	YOR174W	1	7
4521	YOR175C	0	87
4522	YOR176W	1	81
4523	YOR177C	0	1
4524	YOR178C	0	12
4525	YOR179C	0	1
4526	YOR180C	0	22
4527	YOR181W	1	62
4528	YOR184W	0	83
4529	YOR185C	0	36
4530	YOR187W	0	93
4531	YOR188W	0	11
4532	YOR189W	0	0
4533	YOR190W	0	7
4534	YOR191W	0	14
4535	YOR192C	0	1
4536	YOR194C	1	65
4537	YOR195W	0	6
4538	YOR196C	0	86
4539	YOR197W	0	29
4540	YOR198C	0	23
4541	YOR201C	0	47
4542	YOR202W	0	30
4543	YOR204W	1	77
4544	YOR205C	0	16
4545	YOR206W	1	87
4546	YOR207C	1	97
4547	YOR208W	0	24
4548	YOR209C	0	67
4549	YOR210W	1	79
4550	YOR211C	0	22
4551	YOR212W	0	86
4552	YOR213C	0	1
4553	YOR214C	0	0
4554	YOR215C	0	10
4555	YOR217W	1	93
4556	YOR219C	0	9
4557	YOR220W	0	3
4558	YOR221C	0	6
4559	YOR222W	0	59
4560	YOR224C	1	97
4561	YOR225W	0	0
4562	YOR226C	0	45
4563	YOR227W	0	5
4564	YOR229W	1	2
4565	YOR230W	0	1
4566	YOR231W	0	51
4567	YOR232W	1	96
4568	YOR233W	1	18
4569	YOR236W	1	69
4570	YOR239W	0	19
4571	YOR241W	0	81
4572	YOR242C	0	4
4573	YOR243C	0	95
4574	YOR244W	1	96
4575	YOR245C	0	89
4576	YOR246C	0	93
4577	YOR247W	0	0
4578	YOR249C	1	9
4579	YOR250C	1	86
4580	YOR251C	0	66
4581	YOR252W	0	35
4582	YOR254C	1	87
4583	YOR257W	1	86
4584	YOR258W	0	38
4585	YOR259C	1	96
4586	YOR260W	1	46
4587	YOR261C	1	98
4588	YOR262W	1	89
4589	YOR263C	0	0
4590	YOR264W	0	2
4591	YOR265W	0	58
4592	YOR266W	0	2
4593	YOR267C	0	18
4594	YOR269W	0	49
4595	YOR270C	0	95
4596	YOR271C	1	80
4597	YOR272W	1	90
4598	YOR273C	0	9
4599	YOR274W	0	83
4600	YOR275C	0	82
4601	YOR276W	0	4
4602	YOR279C	0	2
4603	YOR281C	1	80
4604	YOR282W	1	0
4605	YOR283W	0	29
4606	YOR284W	0	0
4607	YOR285W	0	36
4608	YOR286W	0	48
4609	YOR288C	0	18
4610	YOR289W	0	84
4611	YOR290C	0	60
4612	YOR292C	0	19
4613	YOR293W	1	81
4614	YOR294W	1	63
4615	YOR295W	1	17
4616	YOR297C	1	2
4617	YOR298C-A	0	91
4618	YOR298W	0	4
4619	YOR299W	0	11
4620	YOR300W	0	0
4621	YOR302W	0	0
4622	YOR303W	0	33
4623	YOR304W	0	81
4624	YOR305W	0	8
4625	YOR307C	0	59
4626	YOR308C	0	68
4627	YOR309C	0	0
4628	YOR310C	1	92
4629	YOR311C	0	22
4630	YOR312C	0	96
4631	YOR313C	0	4
4632	YOR314W	0	0
4633	YOR315W	0	1
4634	YOR316C	0	12
4635	YOR317W	0	55
4636	YOR318C	0	0
4637	YOR319W	1	58
4638	YOR320C	0	7
4639	YOR321W	0	9
4640	YOR322C	0	11
4641	YOR323C	0	86
4642	YOR324C	0	0
4643	YOR325W	0	0
4644	YOR326W	1	79
4645	YOR327C	0	60
4646	YOR329C	1	4
4647	YOR331C	0	0
4648	YOR332W	0	94
4649	YOR333C	0	0
4650	YOR334W	0	21
4651	YOR335C	1	97
4652	YOR336W	1	73
4653	YOR338W	0	5
4654	YOR339C	0	65
4655	YOR340C	1	28
4656	YOR341W	1	87
4657	YOR344C	0	5
4658	YOR345C	0	0
4659	YOR346W	0	76
4660	YOR348C	0	15
4661	YOR349W	0	50
4662	YOR350C	0	0
4663	YOR351C	0	11
4664	YOR352W	0	10
4665	YOR353C	1	22
4666	YOR354C	0	2
4667	YOR355W	0	4
4668	YOR356W	0	86
4669	YOR358W	0	29
4670	YOR359W	0	18
4671	YOR360C	0	35
4672	YOR361C	1	94
4673	YOR362C	1	96
4674	YOR363C	0	0
4675	YOR364W	0	0
4676	YOR366W	0	0
4677	YOR367W	0	63
4678	YOR368W	0	13
4679	YOR370C	1	35
4680	YOR371C	0	2
4681	YOR372C	1	2
4682	YOR373W	1	9
4683	YOR374W	0	62
4684	YOR375C	0	39
4685	YOR377W	0	0
4686	YOR378W	0	17
4687	YOR379C	0	0
4688	YOR380W	0	4
4689	YOR381W	0	13
4690	YOR382W	0	1
4691	YOR383C	0	0
4692	YOR384W	0	25
4693	YOR385W	0	1
4694	YOR386W	0	68
4695	YOR387C	0	1
4696	YOR388C	0	20
4697	YOR389W	0	7
4698	YOR390W	0	23
4699	YOR392W	0	0
4700	YOR393W	0	1
4701	YPL001W	0	81
4702	YPL002C	0	87
4703	YPL003W	0	41
4704	YPL004C	0	7
4705	YPL005W	0	2
4706	YPL007C	1	3
4707	YPL008W	0	93
4708	YPL009C	0	82
4709	YPL010W	1	88
4710	YPL011C	1	5
4711	YPL012W	1	83
4712	YPL013C	0	76
4713	YPL014W	0	2
4714	YPL016W	1	16
4715	YPL018W	0	1
4716	YPL019C	0	4
4717	YPL020C	1	47
4718	YPL022W	0	88
4719	YPL023C	0	15
4720	YPL024W	0	5
4721	YPL025C	0	0
4722	YPL026C	0	12
4723	YPL027W	0	0
4724	YPL028W	1	92
4725	YPL029W	0	87
4726	YPL031C	0	35
4727	YPL032C	0	13
4728	YPL034W	0	3
4729	YPL036W	0	14
4730	YPL037C	0	89
4731	YPL038W	0	12
4732	YPL040C	0	84
4733	YPL042C	0	76
4734	YPL043W	1	89
4735	YPL045W	1	84
4736	YPL046C	0	80
4737	YPL047W	0	7
4738	YPL048W	0	30
4739	YPL049C	0	1
4740	YPL050C	0	17
4741	YPL051W	0	74
4742	YPL052W	0	1
4743	YPL053C	0	0
4744	YPL055C	0	2
4745	YPL056C	0	0
4746	YPL057C	0	13
4747	YPL059W	0	89
4748	YPL060W	0	41
4749	YPL061W	0	2
4750	YPL063W	1	63
4751	YPL064C	0	30
4752	YPL065W	0	84
4753	YPL066W	0	4
4754	YPL067C	0	12
4755	YPL068C	0	2
4756	YPL070W	0	9
4757	YPL071C	0	2
4758	YPL073C	0	0
4759	YPL074W	0	63
4760	YPL075W	1	2
4761	YPL076W	1	58
4762	YPL077C	0	2
4763	YPL078C	0	52
4764	YPL082C	1	77
4765	YPL083C	1	39
4766	YPL084W	0	29
4767	YPL085W	1	43
4768	YPL086C	0	92
4769	YPL087W	0	59
4770	YPL088W	0	73
4771	YPL089C	0	43
4772	YPL090C	0	96
4773	YPL091W	0	97
4774	YPL092W	0	16
4775	YPL093W	1	95
4776	YPL094C	1	40
4777	YPL095C	0	17
4778	YPL096W	0	35
4779	YPL097W	0	83
4780	YPL098C	0	56
4781	YPL100W	0	30
4782	YPL101W	0	55
4783	YPL102C	0	0
4784	YPL104W	0	76
4785	YPL105C	0	34
4786	YPL106C	0	60
4787	YPL107W	0	8
4788	YPL108W	0	3
4789	YPL109C	0	59
4790	YPL110C	0	16
4791	YPL111W	0	83
4792	YPL112C	0	4
4793	YPL113C	0	9
4794	YPL114W	0	0
4795	YPL115C	1	37
4796	YPL116W	0	20
4797	YPL118W	0	7
4798	YPL119C	0	25
4799	YPL120W	0	76
4800	YPL121C	0	6
4801	YPL122C	1	89
4802	YPL124W	1	0
4803	YPL125W	1	71
4804	YPL126W	1	29
4805	YPL127C	0	56
4806	YPL128C	1	9
4807	YPL129W	0	17
4808	YPL130W	0	1
4809	YPL131W	1	89
4810	YPL132W	0	74
4811	YPL133C	0	16
4812	YPL134C	0	12
4813	YPL135C-A	0	0
4814	YPL135W	0	54
4815	YPL136W	0	0
4816	YPL137C	1	7
4817	YPL138C	0	9
4818	YPL139C	0	1
4819	YPL140C	0	19
4820	YPL141C	0	24
4821	YPL144W	0	1
4822	YPL145C	0	20
4823	YPL146C	1	56
4824	YPL147W	0	84
4825	YPL149W	0	58
4826	YPL150W	0	30
4827	YPL151C	1	95
4828	YPL152W	0	63
4829	YPL153C	1	36
4830	YPL154C	0	93
4831	YPL155C	0	34
4832	YPL156C	0	2
4833	YPL157W	0	57
4834	YPL158C	0	2
4835	YPL159C	0	2
4836	YPL160W	1	92
4837	YPL161C	0	2
4838	YPL162C	0	56
4839	YPL163C	0	0
4840	YPL164C	0	39
4841	YPL166W	0	2
4842	YPL169C	1	71
4843	YPL170W	0	76
4844	YPL171C	0	26
4845	YPL172C	0	84
4846	YPL174C	0	46
4847	YPL175W	1	92
4848	YPL177C	0	16
4849	YPL178W	0	89
4850	YPL179W	0	3
4851	YPL180W	0	7
4852	YPL181W	0	22
4853	YPL183W-A	0	24
4854	YPL187W	0	3
4855	YPL188W	0	25
4856	YPL189W	0	11
4857	YPL190C	1	29
4858	YPL191C	0	55
4859	YPL192C	0	0
4860	YPL193W	0	2
4861	YPL194W	0	4
4862	YPL195W	0	84
4863	YPL196W	0	57
4864	YPL200W	0	0
4865	YPL201C	0	1
4866	YPL202C	0	1
4867	YPL203W	1	77
4868	YPL204W	1	97
4869	YPL205C	0	0
4870	YPL207W	1	60
4871	YPL208W	0	12
4872	YPL209C	1	94
4873	YPL210C	1	68
4874	YPL211W	1	94
4875	YPL212C	0	76
4876	YPL213W	1	85
4877	YPL214C	0	25
4878	YPL215W	0	16
4879	YPL216W	0	6
4880	YPL217C	1	90
4881	YPL218W	1	96
4882	YPL219W	0	2
4883	YPL220W	0	93
4884	YPL221W	0	5
4885	YPL222W	0	59
4886	YPL224C	0	36
4887	YPL226W	0	21
4888	YPL227C	0	85
4889	YPL228W	1	13
4890	YPL229W	0	2
4891	YPL231W	1	17
4892	YPL232W	0	32
4893	YPL233W	1	7
4894	YPL234C	0	31
4895	YPL235W	1	94
4896	YPL236C	0	69
4897	YPL237W	1	95
4898	YPL238C	1	0
4899	YPL240C	0	62
4900	YPL241C	0	1
4901	YPL242C	1	56
4902	YPL243W	1	58
4903	YPL244C	0	97
4904	YPL245W	0	3
4905	YPL246C	0	28
4906	YPL247C	0	87
4907	YPL248C	0	9
4908	YPL249C	0	71
4909	YPL249C-A	0	87
4910	YPL250C	0	0
4911	YPL251W	1	0
4912	YPL252C	1	91
4913	YPL253C	0	1
4914	YPL254W	0	14
4915	YPL255W	1	2
4916	YPL256C	0	5
4917	YPL257W	0	0
4918	YPL257W-B	0	0
4919	YPL258C	0	10
4920	YPL259C	0	97
4921	YPL260W	0	18
4922	YPL262W	0	86
4923	YPL263C	0	82
4924	YPL264C	0	40
4925	YPL265W	0	30
4926	YPL266W	1	98
4927	YPL267W	0	1
4928	YPL269W	0	4
4929	YPL270W	0	19
4930	YPL271W	0	19
4931	YPL272C	0	1
4932	YPL274W	0	1
4933	YPL277C	0	2
4934	YPL280W	0	0
4935	YPR001W	0	2
4936	YPR003C	0	44
4937	YPR004C	0	82
4938	YPR005C	0	0
4939	YPR006C	0	15
4940	YPR007C	0	8
4941	YPR008W	0	12
4942	YPR010C	1	94
4943	YPR010C-A	0	4
4944	YPR011C	0	39
4945	YPR014C	0	0
4946	YPR015C	1	36
4947	YPR016C	1	91
4948	YPR017C	0	5
4949	YPR018W	0	16
4950	YPR019W	1	92
4951	YPR020W	0	16
4952	YPR021C	0	25
4953	YPR023C	0	81
4954	YPR025C	1	77
4955	YPR028W	0	88
4956	YPR029C	0	93
4957	YPR030W	0	2
4958	YPR031W	0	42
4959	YPR032W	0	30
4960	YPR033C	1	95
4961	YPR034W	1	3
4962	YPR035W	1	86
4963	YPR036W	0	74
4964	YPR037C	0	19
4965	YPR040W	1	81
4966	YPR041W	1	95
4967	YPR042C	0	7
4968	YPR045C	0	56
4969	YPR046W	0	1
4970	YPR047W	0	86
4971	YPR048W	1	84
4972	YPR049C	0	15
4973	YPR051W	0	73
4974	YPR052C	0	47
4975	YPR054W	0	3
4976	YPR055W	1	48
4977	YPR056W	1	77
4978	YPR057W	0	2
4979	YPR058W	0	39
4980	YPR062W	0	31
4981	YPR063C	0	8
4982	YPR065W	0	50
4983	YPR066W	0	87
4984	YPR067W	0	83
4985	YPR068C	0	4
4986	YPR069C	0	82
4987	YPR070W	0	2
4988	YPR071W	0	0
4989	YPR072W	0	31
4990	YPR073C	0	80
4991	YPR074C	0	85
4992	YPR075C	0	5
4993	YPR076W	0	0
4994	YPR077C	0	0
4995	YPR078C	0	0
4996	YPR079W	0	10
4997	YPR081C	0	4
4998	YPR082C	1	92
4999	YPR083W	0	3
5000	YPR084W	0	3
5001	YPR085C	1	9
5002	YPR086W	1	89
5003	YPR088C	1	95
5004	YPR091C	0	21
5005	YPR093C	0	6
5006	YPR094W	1	92
5007	YPR095C	0	16
5008	YPR096C	0	0
5009	YPR097W	0	18
5010	YPR099C	0	0
5011	YPR100W	0	68
5012	YPR101W	1	1
5013	YPR102C	0	94
5014	YPR103W	1	95
5015	YPR104C	1	31
5016	YPR105C	1	75
5017	YPR106W	0	1
5018	YPR107C	1	47
5019	YPR108W	1	97
5020	YPR110C	1	92
5021	YPR111W	1	15
5022	YPR112C	1	92
5023	YPR113W	1	94
5024	YPR114W	0	7
5025	YPR115W	0	1
5026	YPR118W	0	79
5027	YPR119W	0	55
5028	YPR120C	1	10
5029	YPR121W	0	0
5030	YPR122W	0	5
5031	YPR123C	0	0
5032	YPR124W	1	4
5033	YPR125W	1	30
5034	YPR126C	0	0
5035	YPR128C	0	28
5036	YPR129W	0	74
5037	YPR130C	0	0
5038	YPR132W	0	91
5039	YPR133C	1	67
5040	YPR134W	0	1
5041	YPR135W	0	55
5042	YPR136C	1	0
5043	YPR137C-A	0	0
5044	YPR137C-B	0	0
5045	YPR137W	1	85
5046	YPR138C	0	19
5047	YPR141C	0	89
5048	YPR143W	1	19
5049	YPR144C	1	68
5050	YPR145W	0	35
5051	YPR148C	0	2
5052	YPR149W	0	12
5053	YPR152C	0	7
5054	YPR154W	0	8
5055	YPR155C	0	16
5056	YPR156C	0	11
5057	YPR157W	0	17
5058	YPR159W	0	17
5059	YPR160C-A	0	0
5060	YPR160W	0	86
5061	YPR161C	1	24
5062	YPR162C	1	57
5063	YPR163C	0	34
5064	YPR164W	0	1
5065	YPR165W	1	70
5066	YPR167C	0	27
5067	YPR168W	1	66
5068	YPR169W	1	15
5069	YPR171W	0	2
5070	YPR172W	0	9
5071	YPR173C	0	96
5072	YPR174C	0	0
5073	YPR175W	1	87
5074	YPR176C	1	92
5075	YPR177C	1	0
5076	YPR178W	1	90
5077	YPR179C	0	6
5078	YPR180W	1	80
5079	YPR181C	1	94
5080	YPR182W	1	89
5081	YPR183W	1	88
5082	YPR184W	0	71
5083	YPR185W	0	15
5084	YPR187W	1	85
5085	YPR188C	0	3
5086	YPR189W	0	71
5087	YPR190C	1	35
5088	YPR191W	0	20
5089	YPR193C	0	3
5090	YPR194C	0	8
5091	YPR198W	0	9
5092	YPR201W	0	19
5093	YPR203W	0	0
